0 0 1 0 0 0 1 0 0 0 0
0 1 1 0 0.05 0 1 0 0 0 0
0 2 1 0 0.1 0 1 0 0 0 0
0 3 1 0 0.15 0 1 0 0 0 0
0 4 1 0 0.2 0 1 0 0 0 0
0 5 1 0 0.25 0 1 0 0 0 0
0 6 1 0 0.3 0 1 0 0 0 0
0 7 1 0 0.35 0 1 0 0 0 0
0 8 1 0 0.4 0 1 0 0 0 0
0 9 1 0 0.45 0 1 0 0 0 0
0 10 1 0 0.5 0 1 0 0 0 0
0 11 1 0 0.55 0 1 0 0 0 0
0 12 1 0 0.6 0 1 0 0 0 0
0 13 1 0 0.65 0 1 0 0 0 0
0 14 1 0 0.7 0 1 0 0 0 0
0 15 1 0 0.75 0 1 0 0 0 0
0 16 1 0 0.8 0 1 0 0 0 0
0 17 1 0 0.85 0 1 0 0 0 0
0 18 1 0 0.9 0 1 0 0 0 0
0 19 1 0 0.95 0 1 0 0 0 0
0 20 1 0 1 0 1 0 0 0 0
0 21 1 0.05 1 0 1 0 0 0 0
0 22 1 0.05 0.95 0 1 0 0 0 0
0 23 1 0.05 0.9 0 1 0 0 0 0
0 24 1 0.05 0.85 0 1 0 0 0 0
0 25 1 0.05 0.8 0 1 0 0 0 0
0 26 1 0.05 0.75 0 1 0 0 0 0
0 27 1 0.05 0.7 0 1 0 0 0 0
0 28 1 0.05 0.65 0 1 0 0 0 0
0 29 1 0.05 0.6 0 1 0 0 0 0
0 30 1 0.05 0.55 0 1 0 0 0 0
0 31 1 0.05 0.5 0 1 0 0 0 0
0 32 1 0.05 0.45 0 1 0 0 0 0
0 33 1 0.05 0.4 0 1 0 0 0 0
0 34 1 0.05 0.35 0 1 0 0 0 0
0 35 1 0.05 0.3 0 1 0 0 0 0
0 36 1 0.05 0.25 0 1 0 0 0 0
0 37 1 0.05 0.2 0 1 0 0 0 0
0 38 1 0.05 0.15 0 1 0 0 0 0
0 39 1 0.05 0.1 0 1 0 0 0 0
0 40 1 0.05 0.05 0 1 0 0 0 0
0 41 1 0.05 0 0 1 0 0 0 0
0 42 1 0.1 0 0 1 0 0 0 0
0 43 1 0.1 0.05 0 1 0 0 0 0
0 44 1 0.1 0.1 0 1 0 0 0 0
0 45 1 0.1 0.15 0 1 0 0 0 0
0 46 1 0.1 0.2 0 1 0 0 0 0
0 47 1 0.1 0.25 0 1 0 0 0 0
0 48 1 0.1 0.3 0 1 0 0 0 0
0 49 1 0.1 0.35 0 1 0 0 0 0
0 50 1 0.1 0.4 0 1 0 0 0 0
0 51 1 0.1 0.45 0 1 0 0 0 0
0 52 1 0.1 0.5 0 1 0 0 0 0
0 53 1 0.1 0.55 0 1 0 0 0 0
0 54 1 0.1 0.6 0 1 0 0 0 0
0 55 1 0.1 0.65 0 1 0 0 0 0
0 56 1 0.1 0.7 0 1 0 0 0 0
0 57 1 0.1 0.75 0 1 0 0 0 0
0 58 1 0.1 0.8 0 1 0 0 0 0
0 59 1 0.1 0.85 0 1 0 0 0 0
0 60 1 0.1 0.9 0 1 0 0 0 0
0 61 1 0.1 0.95 0 1 0 0 0 0
0 62 1 0.1 1 0 1 0 0 0 0
0 63 1 0.15 1 0 1 0 0 0 0
0 64 1 0.15 0.95 0 1 0 0 0 0
0 65 1 0.15 0.9 0 1 0 0 0 0
0 66 1 0.15 0.85 0 1 0 0 0 0
0 67 1 0.15 0.8 0 1 0 0 0 0
0 68 1 0.15 0.75 0 1 0 0 0 0
0 69 1 0.15 0.7 0 1 0 0 0 0
0 70 1 0.15 0.65 0 1 0 0 0 0
0 71 1 0.15 0.6 0 1 0 0 0 0
0 72 1 0.15 0.55 0 1 0 0 0 0
0 73 1 0.15 0.5 0 1 0 0 0 0
0 74 1 0.15 0.45 0 1 0 0 0 0
0 75 1 0.15 0.4 0 1 0 0 0 0
0 76 1 0.15 0.35 0 1 0 0 0 0
0 77 1 0.15 0.3 0 1 0 0 0 0
0 78 1 0.15 0.25 0 1 0 0 0 0
0 79 1 0.15 0.2 0 1 0 0 0 0
0 80 1 0.15 0.15 0 1 0 0 0 0
0 81 1 0.15 0.1 0 1 0 0 0 0
0 82 1 0.15 0.05 0 1 0 0 0 0
0 83 1 0.15 0 0 1 0 0 0 0
0 84 1 0.2 0 0 1 0 0 0 0
0 85 1 0.2 0.05 0 1 0 0 0 0
0 86 1 0.2 0.1 0 1 0 0 0 0
0 87 1 0.2 0.15 0 1 0 0 0 0
0 88 1 0.2 0.2 0 1 0 0 0 0
0 89 1 0.2 0.25 0 1 0 0 0 0
0 90 1 0.2 0.3 0 1 0 0 0 0
0 91 1 0.2 0.35 0 1 0 0 0 0
0 92 1 0.2 0.4 0 1 0 0 0 0
0 93 1 0.2 0.45 0 1 0 0 0 0
0 94 1 0.2 0.5 0 1 0 0 0 0
0 95 1 0.2 0.55 0 1 0 0 0 0
0 96 1 0.2 0.6 0 1 0 0 0 0
0 97 1 0.2 0.65 0 1 0 0 0 0
0 98 1 0.2 0.7 0 1 0 0 0 0
0 99 1 0.2 0.75 0 1 0 0 0 0
0 100 1 0.2 0.8 0 1 0 0 0 0
0 101 1 0.2 0.85 0 1 0 0 0 0
0 102 1 0.2 0.9 0 1 0 0 0 0
0 103 1 0.2 0.95 0 1 0 0 0 0
0 104 1 0.2 1 0 1 0 0 0 0
0 105 1 0.25 1 0 1 0 0 0 0
0 106 1 0.25 0.95 0 1 0 0 0 0
0 107 1 0.25 0.9 0 1 0 0 0 0
0 108 1 0.25 0.85 0 1 0 0 0 0
0 109 1 0.25 0.8 0 1 0 0 0 0
0 110 1 0.25 0.75 0 1 0 0 0 0
0 111 1 0.25 0.7 0 1 0 0 0 0
0 112 1 0.25 0.65 0 1 0 0 0 0
0 113 1 0.25 0.6 0 1 0 0 0 0
0 114 1 0.25 0.55 0 1 0 0 0 0
0 115 1 0.25 0.5 0 1 0 0 0 0
0 116 1 0.25 0.45 0 1 0 0 0 0
0 117 1 0.25 0.4 0 1 0 0 0 0
0 118 1 0.25 0.35 0 1 0 0 0 0
0 119 1 0.25 0.3 0 1 0 0 0 0
0 120 1 0.25 0.25 0 1 0 0 0 0
0 121 1 0.25 0.2 0 1 0 0 0 0
0 122 1 0.25 0.15 0 1 0 0 0 0
0 123 1 0.25 0.1 0 1 0 0 0 0
0 124 1 0.25 0.05 0 1 0 0 0 0
0 125 1 0.25 0 0 1 0 0 0 0
0 126 1 0.3 0 0 1 0 0 0 0
0 127 1 0.3 0.05 0 1 0 0 0 0
0 128 1 0.3 0.1 0 1 0 0 0 0
0 129 1 0.3 0.15 0 1 0 0 0 0
0 130 1 0.3 0.2 0 1 0 0 0 0
0 131 1 0.3 0.25 0 1 0 0 0 0
0 132 1 0.3 0.3 0 1 0 0 0 0
0 133 1 0.3 0.35 0 1 0 0 0 0
0 134 1 0.3 0.4 0 1 0 0 0 0
0 135 1 0.3 0.45 0 1 0 0 0 0
0 136 1 0.3 0.5 0 1 0 0 0 0
0 137 1 0.3 0.55 0 1 0 0 0 0
0 138 1 0.3 0.6 0 1 0 0 0 0
0 139 1 0.3 0.65 0 1 0 0 0 0
0 140 1 0.3 0.7 0 1 0 0 0 0
0 141 1 0.3 0.75 0 1 0 0 0 0
0 142 1 0.3 0.8 0 1 0 0 0 0
0 143 1 0.3 0.85 0 1 0 0 0 0
0 144 1 0.3 0.9 0 1 0 0 0 0
0 145 1 0.3 0.95 0 1 0 0 0 0
0 146 1 0.3 1 0 1 0 0 0 0
0 147 1 0.35 1 0 1 0 0 0 0
0 148 1 0.35 0.95 0 1 0 0 0 0
0 149 1 0.35 0.9 0 1 0 0 0 0
0 150 1 0.35 0.85 0 1 0 0 0 0
0 151 1 0.35 0.8 0 1 0 0 0 0
0 152 1 0.35 0.75 0 1 0 0 0 0
0 153 1 0.35 0.7 0 1 0 0 0 0
0 154 1 0.35 0.65 0 1 0 0 0 0
0 155 1 0.35 0.6 0 1 0 0 0 0
0 156 1 0.35 0.55 0 1 0 0 0 0
0 157 1 0.35 0.5 0 1 0 0 0 0
0 158 1 0.35 0.45 0 1 0 0 0 0
0 159 1 0.35 0.4 0 1 0 0 0 0
0 160 1 0.35 0.35 0 1 0 0 0 0
0 161 1 0.35 0.3 0 1 0 0 0 0
0 162 1 0.35 0.25 0 1 0 0 0 0
0 163 1 0.35 0.2 0 1 0 0 0 0
0 164 1 0.35 0.15 0 1 0 0 0 0
0 165 1 0.35 0.1 0 1 0 0 0 0
0 166 1 0.35 0.05 0 1 0 0 0 0
0 167 1 0.35 0 0 1 0 0 0 0
0 168 1 0.4 0 0 1 0 0 0 0
0 169 1 0.4 0.05 0 1 0 0 0 0
0 170 1 0.4 0.1 0 1 0 0 0 0
0 171 1 0.4 0.15 0 1 0 0 0 0
0 172 1 0.4 0.2 0 1 0 0 0 0
0 173 1 0.4 0.25 0 1 0 0 0 0
0 174 1 0.4 0.3 0 1 0 0 0 0
0 175 1 0.4 0.35 0 1 0 0 0 0
0 176 1 0.4 0.4 0 1 0 0 0 0
0 177 1 0.4 0.45 0 1 0 0 0 0
0 178 1 0.4 0.5 0 1 0 0 0 0
0 179 1 0.4 0.55 0 1 0 0 0 0
0 180 1 0.4 0.6 0 1 0 0 0 0
0 181 1 0.4 0.65 0 1 0 0 0 0
0 182 1 0.4 0.7 0 1 0 0 0 0
0 183 1 0.4 0.75 0 1 0 0 0 0
0 184 1 0.4 0.8 0 1 0 0 0 0
0 185 1 0.4 0.85 0 1 0 0 0 0
0 186 1 0.4 0.9 0 1 0 0 0 0
0 187 1 0.4 0.95 0 1 0 0 0 0
0 188 1 0.4 1 0 1 0 0 0 0
0 189 1 0.45 1 0 1 0 0 0 0
0 190 1 0.45 0.95 0 1 0 0 0 0
0 191 1 0.45 0.9 0 1 0 0 0 0
0 192 1 0.45 0.85 0 1 0 0 0 0
0 193 1 0.45 0.8 0 1 0 0 0 0
0 194 1 0.45 0.75 0 1 0 0 0 0
0 195 1 0.45 0.7 0 1 0 0 0 0
0 196 1 0.45 0.65 0 1 0 0 0 0
0 197 1 0.45 0.6 0 1 0 0 0 0
0 198 1 0.45 0.55 0 1 0 0 0 0
0 199 1 0.45 0.5 0 1 0 0 0 0
0 200 1 0.45 0.45 0 1 0 0 0 0
0 201 1 0.45 0.4 0 1 0 0 0 0
0 202 1 0.45 0.35 0 1 0 0 0 0
0 203 1 0.45 0.3 0 1 0 0 0 0
0 204 1 0.45 0.25 0 1 0 0 0 0
0 205 1 0.45 0.2 0 1 0 0 0 0
0 206 1 0.45 0.15 0 1 0 0 0 0
0 207 1 0.45 0.1 0 1 0 0 0 0
0 208 1 0.45 0.05 0 1 0 0 0 0
0 209 1 0.45 0 0 1 0 0 0 0
0 210 1 0.5 0 0 1 0 0 0 0
0 211 1 0.5 0.05 0 1 0 0 0 0
0 212 1 0.5 0.1 0 1 0 0 0 0
0 213 1 0.5 0.15 0 1 0 0 0 0
0 214 1 0.5 0.2 0 1 0 0 0 0
0 215 1 0.5 0.25 0 1 0 0 0 0
0 216 1 0.5 0.3 0 1 0 0 0 0
0 217 1 0.5 0.35 0 1 0 0 0 0
0 218 1 0.5 0.4 0 1 0 0 0 0
0 219 1 0.5 0.45 0 1 0 0 0 0
0 220 1 0.5 0.5 0 1 0 0 0 0
0 221 1 0.5 0.55 0 1 0 0 0 0
0 222 1 0.5 0.6 0 1 0 0 0 0
0 223 1 0.5 0.65 0 1 0 0 0 0
0 224 1 0.5 0.7 0 1 0 0 0 0
0 225 1 0.5 0.75 0 1 0 0 0 0
0 226 1 0.5 0.8 0 1 0 0 0 0
0 227 1 0.5 0.85 0 1 0 0 0 0
0 228 1 0.5 0.9 0 1 0 0 0 0
0 229 1 0.5 0.95 0 1 0 0 0 0
0 230 1 0.5 1 0 1 0 0 0 0
0 231 1 0.55 1 0 1 0 0 0 0
0 232 1 0.55 0.95 0 1 0 0 0 0
0 233 1 0.55 0.9 0 1 0 0 0 0
0 234 1 0.55 0.85 0 1 0 0 0 0
0 235 1 0.55 0.8 0 1 0 0 0 0
0 236 1 0.55 0.75 0 1 0 0 0 0
0 237 1 0.55 0.7 0 1 0 0 0 0
0 238 1 0.55 0.65 0 1 0 0 0 0
0 239 1 0.55 0.6 0 1 0 0 0 0
0 240 1 0.55 0.55 0 1 0 0 0 0
0 241 1 0.55 0.5 0 1 0 0 0 0
0 242 1 0.55 0.45 0 1 0 0 0 0
0 243 1 0.55 0.4 0 1 0 0 0 0
0 244 1 0.55 0.35 0 1 0 0 0 0
0 245 1 0.55 0.3 0 1 0 0 0 0
0 246 1 0.55 0.25 0 1 0 0 0 0
0 247 1 0.55 0.2 0 1 0 0 0 0
0 248 1 0.55 0.15 0 1 0 0 0 0
0 249 1 0.55 0.1 0 1 0 0 0 0
0 250 1 0.55 0.05 0 1 0 0 0 0
0 251 1 0.55 0 0 1 0 0 0 0
0 252 1 0.6 0 0 1 0 0 0 0
0 253 1 0.6 0.05 0 1 0 0 0 0
0 254 1 0.6 0.1 0 1 0 0 0 0
0 255 1 0.6 0.15 0 1 0 0 0 0
0 256 1 0.6 0.2 0 1 0 0 0 0
0 257 1 0.6 0.25 0 1 0 0 0 0
0 258 1 0.6 0.3 0 1 0 0 0 0
0 259 1 0.6 0.35 0 1 0 0 0 0
0 260 1 0.6 0.4 0 1 0 0 0 0
0 261 1 0.6 0.45 0 1 0 0 0 0
0 262 1 0.6 0.5 0 1 0 0 0 0
0 263 1 0.6 0.55 0 1 0 0 0 0
0 264 1 0.6 0.6 0 1 0 0 0 0
0 265 1 0.6 0.65 0 1 0 0 0 0
0 266 1 0.6 0.7 0 1 0 0 0 0
0 267 1 0.6 0.75 0 1 0 0 0 0
0 268 1 0.6 0.8 0 1 0 0 0 0
0 269 1 0.6 0.85 0 1 0 0 0 0
0 270 1 0.6 0.9 0 1 0 0 0 0
0 271 1 0.6 0.95 0 1 0 0 0 0
0 272 1 0.6 1 0 1 0 0 0 0
0 273 1 0.65 1 0 1 0 0 0 0
0 274 1 0.65 0.95 0 1 0 0 0 0
0 275 1 0.65 0.9 0 1 0 0 0 0
0 276 1 0.65 0.85 0 1 0 0 0 0
0 277 1 0.65 0.8 0 1 0 0 0 0
0 278 1 0.65 0.75 0 1 0 0 0 0
0 279 1 0.65 0.7 0 1 0 0 0 0
0 280 1 0.65 0.65 0 1 0 0 0 0
0 281 1 0.65 0.6 0 1 0 0 0 0
0 282 1 0.65 0.55 0 1 0 0 0 0
0 283 1 0.65 0.5 0 1 0 0 0 0
0 284 1 0.65 0.45 0 1 0 0 0 0
0 285 1 0.65 0.4 0 1 0 0 0 0
0 286 1 0.65 0.35 0 1 0 0 0 0
0 287 1 0.65 0.3 0 1 0 0 0 0
0 288 1 0.65 0.25 0 1 0 0 0 0
0 289 1 0.65 0.2 0 1 0 0 0 0
0 290 1 0.65 0.15 0 1 0 0 0 0
0 291 1 0.65 0.1 0 1 0 0 0 0
0 292 1 0.65 0.05 0 1 0 0 0 0
0 293 1 0.65 0 0 1 0 0 0 0
0 294 1 0.7 0 0 1 0 0 0 0
0 295 1 0.7 0.05 0 1 0 0 0 0
0 296 1 0.7 0.1 0 1 0 0 0 0
0 297 1 0.7 0.15 0 1 0 0 0 0
0 298 1 0.7 0.2 0 1 0 0 0 0
0 299 1 0.7 0.25 0 1 0 0 0 0
0 300 1 0.7 0.3 0 1 0 0 0 0
0 301 1 0.7 0.35 0 1 0 0 0 0
0 302 1 0.7 0.4 0 1 0 0 0 0
0 303 1 0.7 0.45 0 1 0 0 0 0
0 304 1 0.7 0.5 0 1 0 0 0 0
0 305 1 0.7 0.55 0 1 0 0 0 0
0 306 1 0.7 0.6 0 1 0 0 0 0
0 307 1 0.7 0.65 0 1 0 0 0 0
0 308 1 0.7 0.7 0 1 0 0 0 0
0 309 1 0.7 0.75 0 1 0 0 0 0
0 310 1 0.7 0.8 0 1 0 0 0 0
0 311 1 0.7 0.85 0 1 0 0 0 0
0 312 1 0.7 0.9 0 1 0 0 0 0
0 313 1 0.7 0.95 0 1 0 0 0 0
0 314 1 0.7 1 0 1 0 0 0 0
0 315 1 0.75 1 0 1 0 0 0 0
0 316 1 0.75 0.95 0 1 0 0 0 0
0 317 1 0.75 0.9 0 1 0 0 0 0
0 318 1 0.75 0.85 0 1 0 0 0 0
0 319 1 0.75 0.8 0 1 0 0 0 0
0 320 1 0.75 0.75 0 1 0 0 0 0
0 321 1 0.75 0.7 0 1 0 0 0 0
0 322 1 0.75 0.65 0 1 0 0 0 0
0 323 1 0.75 0.6 0 1 0 0 0 0
0 324 1 0.75 0.55 0 1 0 0 0 0
0 325 1 0.75 0.5 0 1 0 0 0 0
0 326 1 0.75 0.45 0 1 0 0 0 0
0 327 1 0.75 0.4 0 1 0 0 0 0
0 328 1 0.75 0.35 0 1 0 0 0 0
0 329 1 0.75 0.3 0 1 0 0 0 0
0 330 1 0.75 0.25 0 1 0 0 0 0
0 331 1 0.75 0.2 0 1 0 0 0 0
0 332 1 0.75 0.15 0 1 0 0 0 0
0 333 1 0.75 0.1 0 1 0 0 0 0
0 334 1 0.75 0.05 0 1 0 0 0 0
0 335 1 0.75 0 0 1 0 0 0 0
0 336 1 0.8 0 0 1 0 0 0 0
0 337 1 0.8 0.05 0 1 0 0 0 0
0 338 1 0.8 0.1 0 1 0 0 0 0
0 339 1 0.8 0.15 0 1 0 0 0 0
0 340 1 0.8 0.2 0 1 0 0 0 0
0 341 1 0.8 0.25 0 1 0 0 0 0
0 342 1 0.8 0.3 0 1 0 0 0 0
0 343 1 0.8 0.35 0 1 0 0 0 0
0 344 1 0.8 0.4 0 1 0 0 0 0
0 345 1 0.8 0.45 0 1 0 0 0 0
0 346 1 0.8 0.5 0 1 0 0 0 0
0 347 1 0.8 0.55 0 1 0 0 0 0
0 348 1 0.8 0.6 0 1 0 0 0 0
0 349 1 0.8 0.65 0 1 0 0 0 0
0 350 1 0.8 0.7 0 1 0 0 0 0
0 351 1 0.8 0.75 0 1 0 0 0 0
0 352 1 0.8 0.8 0 1 0 0 0 0
0 353 1 0.8 0.85 0 1 0 0 0 0
0 354 1 0.8 0.9 0 1 0 0 0 0
0 355 1 0.8 0.95 0 1 0 0 0 0
0 356 1 0.8 1 0 1 0 0 0 0
0 357 1 0.85 1 0 1 0 0 0 0
0 358 1 0.85 0.95 0 1 0 0 0 0
0 359 1 0.85 0.9 0 1 0 0 0 0
0 360 1 0.85 0.85 0 1 0 0 0 0
0 361 1 0.85 0.8 0 1 0 0 0 0
0 362 1 0.85 0.75 0 1 0 0 0 0
0 363 1 0.85 0.7 0 1 0 0 0 0
0 364 1 0.85 0.65 0 1 0 0 0 0
0 365 1 0.85 0.6 0 1 0 0 0 0
0 366 1 0.85 0.55 0 1 0 0 0 0
0 367 1 0.85 0.5 0 1 0 0 0 0
0 368 1 0.85 0.45 0 1 0 0 0 0
0 369 1 0.85 0.4 0 1 0 0 0 0
0 370 1 0.85 0.35 0 1 0 0 0 0
0 371 1 0.85 0.3 0 1 0 0 0 0
0 372 1 0.85 0.25 0 1 0 0 0 0
0 373 1 0.85 0.2 0 1 0 0 0 0
0 374 1 0.85 0.15 0 1 0 0 0 0
0 375 1 0.85 0.1 0 1 0 0 0 0
0 376 1 0.85 0.05 0 1 0 0 0 0
0 377 1 0.85 0 0 1 0 0 0 0
0 378 1 0.9 0 0 1 0 0 0 0
0 379 1 0.9 0.05 0 1 0 0 0 0
0 380 1 0.9 0.1 0 1 0 0 0 0
0 381 1 0.9 0.15 0 1 0 0 0 0
0 382 1 0.9 0.2 0 1 0 0 0 0
0 383 1 0.9 0.25 0 1 0 0 0 0
0 384 1 0.9 0.3 0 1 0 0 0 0
0 385 1 0.9 0.35 0 1 0 0 0 0
0 386 1 0.9 0.4 0 1 0 0 0 0
0 387 1 0.9 0.45 0 1 0 0 0 0
0 388 1 0.9 0.5 0 1 0 0 0 0
0 389 1 0.9 0.55 0 1 0 0 0 0
0 390 1 0.9 0.6 0 1 0 0 0 0
0 391 1 0.9 0.65 0 1 0 0 0 0
0 392 1 0.9 0.7 0 1 0 0 0 0
0 393 1 0.9 0.75 0 1 0 0 0 0
0 394 1 0.9 0.8 0 1 0 0 0 0
0 395 1 0.9 0.85 0 1 0 0 0 0
0 396 1 0.9 0.9 0 1 0 0 0 0
0 397 1 0.9 0.95 0 1 0 0 0 0
0 398 1 0.9 1 0 1 0 0 0 0
0 399 1 0.95 1 0 1 0 0 0 0
0 400 1 0.95 0.95 0 1 0 0 0 0
0 401 1 0.95 0.9 0 1 0 0 0 0
0 402 1 0.95 0.85 0 1 0 0 0 0
0 403 1 0.95 0.8 0 1 0 0 0 0
0 404 1 0.95 0.75 0 1 0 0 0 0
0 405 1 0.95 0.7 0 1 0 0 0 0
0 406 1 0.95 0.65 0 1 0 0 0 0
0 407 1 0.95 0.6 0 1 0 0 0 0
0 408 1 0.95 0.55 0 1 0 0 0 0
0 409 1 0.95 0.5 0 1 0 0 0 0
0 410 1 0.95 0.45 0 1 0 0 0 0
0 411 1 0.95 0.4 0 1 0 0 0 0
0 412 1 0.95 0.35 0 1 0 0 0 0
0 413 1 0.95 0.3 0 1 0 0 0 0
0 414 1 0.95 0.25 0 1 0 0 0 0
0 415 1 0.95 0.2 0 1 0 0 0 0
0 416 1 0.95 0.15 0 1 0 0 0 0
0 417 1 0.95 0.1 0 1 0 0 0 0
0 418 1 0.95 0.05 0 1 0 0 0 0
0 419 1 0.95 0 0 1 0 0 0 0
0 420 1 1 0 0 1 0 0 0 0
0 421 1 1 0.05 0 1 0 0 0 0
0 422 1 1 0.1 0 1 0 0 0 0
0 423 1 1 0.15 0 1 0 0 0 0
0 424 1 1 0.2 0 1 0 0 0 0
0 425 1 1 0.25 0 1 0 0 0 0
0 426 1 1 0.3 0 1 0 0 0 0
0 427 1 1 0.35 0 1 0 0 0 0
0 428 1 1 0.4 0 1 0 0 0 0
0 429 1 1 0.45 0 1 0 0 0 0
0 430 1 1 0.5 0 1 0 0 0 0
0 431 1 1 0.55 0 1 0 0 0 0
0 432 1 1 0.6 0 1 0 0 0 0
0 433 1 1 0.65 0 1 0 0 0 0
0 434 1 1 0.7 0 1 0 0 0 0
0 435 1 1 0.75 0 1 0 0 0 0
0 436 1 1 0.8 0 1 0 0 0 0
0 437 1 1 0.85 0 1 0 0 0 0
0 438 1 1 0.9 0 1 0 0 0 0
0 439 1 1 0.95 0 1 0 0 0 0
0 440 1 1 1 0 1 0 0 0 0
0 441 1 1.05 1 0 1 0 0 0 0
0 442 1 1.05 0.95 0 1 0 0 0 0
0 443 1 1.05 0.9 0 1 0 0 0 0
0 444 1 1.05 0.85 0 1 0 0 0 0
0 445 1 1.05 0.8 0 1 0 0 0 0
0 446 1 1.05 0.75 0 1 0 0 0 0
0 447 1 1.05 0.7 0 1 0 0 0 0
0 448 1 1.05 0.65 0 1 0 0 0 0
0 449 1 1.05 0.6 0 1 0 0 0 0
0 450 1 1.05 0.55 0 1 0 0 0 0
0 451 1 1.05 0.5 0 1 0 0 0 0
0 452 1 1.05 0.45 0 1 0 0 0 0
0 453 1 1.05 0.4 0 1 0 0 0 0
0 454 1 1.05 0.35 0 1 0 0 0 0
0 455 1 1.05 0.3 0 1 0 0 0 0
0 456 1 1.05 0.25 0 1 0 0 0 0
0 457 1 1.05 0.2 0 1 0 0 0 0
0 458 1 1.05 0.15 0 1 0 0 0 0
0 459 1 1.05 0.1 0 1 0 0 0 0
0 460 1 1.05 0.05 0 1 0 0 0 0
0 461 1 1.05 0 0 1 0 0 0 0
0 462 1 1.1 0 0 1 0 0 0 0
0 463 1 1.1 0.05 0 1 0 0 0 0
0 464 1 1.1 0.1 0 1 0 0 0 0
0 465 1 1.1 0.15 0 1 0 0 0 0
0 466 1 1.1 0.2 0 1 0 0 0 0
0 467 1 1.1 0.25 0 1 0 0 0 0
0 468 1 1.1 0.3 0 1 0 0 0 0
0 469 1 1.1 0.35 0 1 0 0 0 0
0 470 1 1.1 0.4 0 1 0 0 0 0
0 471 1 1.1 0.45 0 1 0 0 0 0
0 472 1 1.1 0.5 0 1 0 0 0 0
0 473 1 1.1 0.55 0 1 0 0 0 0
0 474 1 1.1 0.6 0 1 0 0 0 0
0 475 1 1.1 0.65 0 1 0 0 0 0
0 476 1 1.1 0.7 0 1 0 0 0 0
0 477 1 1.1 0.75 0 1 0 0 0 0
0 478 1 1.1 0.8 0 1 0 0 0 0
0 479 1 1.1 0.85 0 1 0 0 0 0
0 480 1 1.1 0.9 0 1 0 0 0 0
0 481 1 1.1 0.95 0 1 0 0 0 0
0 482 1 1.1 1 0 1 0 0 0 0
0 483 1 1.15 1 0 1 0 0 0 0
0 484 1 1.15 0.95 0 1 0 0 0 0
0 485 1 1.15 0.9 0 1 0 0 0 0
0 486 1 1.15 0.85 0 1 0 0 0 0
0 487 1 1.15 0.8 0 1 0 0 0 0
0 488 1 1.15 0.75 0 1 0 0 0 0
0 489 1 1.15 0.7 0 1 0 0 0 0
0 490 1 1.15 0.65 0 1 0 0 0 0
0 491 1 1.15 0.6 0 1 0 0 0 0
0 492 1 1.15 0.55 0 1 0 0 0 0
0 493 1 1.15 0.5 0 1 0 0 0 0
0 494 1 1.15 0.45 0 1 0 0 0 0
0 495 1 1.15 0.4 0 1 0 0 0 0
0 496 1 1.15 0.35 0 1 0 0 0 0
0 497 1 1.15 0.3 0 1 0 0 0 0
0 498 1 1.15 0.25 0 1 0 0 0 0
0 499 1 1.15 0.2 0 1 0 0 0 0
0 500 1 1.15 0.15 0 1 0 0 0 0
0 501 1 1.15 0.1 0 1 0 0 0 0
0 502 1 1.15 0.05 0 1 0 0 0 0
0 503 1 1.15 0 0 1 0 0 0 0
0 504 1 1.2 0 0 1 0 0 0 0
0 505 1 1.2 0.05 0 1 0 0 0 0
0 506 1 1.2 0.1 0 1 0 0 0 0
0 507 1 1.2 0.15 0 1 0 0 0 0
0 508 1 1.2 0.2 0 1 0 0 0 0
0 509 1 1.2 0.25 0 1 0 0 0 0
0 510 1 1.2 0.3 0 1 0 0 0 0
0 511 1 1.2 0.35 0 1 0 0 0 0
0 512 1 1.2 0.4 0 1 0 0 0 0
0 513 1 1.2 0.45 0 1 0 0 0 0
0 514 1 1.2 0.5 0 1 0 0 0 0
0 515 1 1.2 0.55 0 1 0 0 0 0
0 516 1 1.2 0.6 0 1 0 0 0 0
0 517 1 1.2 0.65 0 1 0 0 0 0
0 518 1 1.2 0.7 0 1 0 0 0 0
0 519 1 1.2 0.75 0 1 0 0 0 0
0 520 1 1.2 0.8 0 1 0 0 0 0
0 521 1 1.2 0.85 0 1 0 0 0 0
0 522 1 1.2 0.9 0 1 0 0 0 0
0 523 1 1.2 0.95 0 1 0 0 0 0
0 524 1 1.2 1 0 1 0 0 0 0
0 525 1 1.25 1 0 1 0 0 0 0
0 526 1 1.25 0.95 0 1 0 0 0 0
0 527 1 1.25 0.9 0 1 0 0 0 0
0 528 1 1.25 0.85 0 1 0 0 0 0
0 529 1 1.25 0.8 0 1 0 0 0 0
0 530 1 1.25 0.75 0 1 0 0 0 0
0 531 1 1.25 0.7 0 1 0 0 0 0
0 532 1 1.25 0.65 0 1 0 0 0 0
0 533 1 1.25 0.6 0 1 0 0 0 0
0 534 1 1.25 0.55 0 1 0 0 0 0
0 535 1 1.25 0.5 0 1 0 0 0 0
0 536 1 1.25 0.45 0 1 0 0 0 0
0 537 1 1.25 0.4 0 1 0 0 0 0
0 538 1 1.25 0.35 0 1 0 0 0 0
0 539 1 1.25 0.3 0 1 0 0 0 0
0 540 1 1.25 0.25 0 1 0 0 0 0
0 541 1 1.25 0.2 0 1 0 0 0 0
0 542 1 1.25 0.15 0 1 0 0 0 0
0 543 1 1.25 0.1 0 1 0 0 0 0
0 544 1 1.25 0.05 0 1 0 0 0 0
0 545 1 1.25 0 0 1 0 0 0 0
0 546 1 1.3 0 0 1 0 0 0 0
0 547 1 1.3 0.05 0 1 0 0 0 0
0 548 1 1.3 0.1 0 1 0 0 0 0
0 549 1 1.3 0.15 0 1 0 0 0 0
0 550 1 1.3 0.2 0 1 0 0 0 0
0 551 1 1.3 0.25 0 1 0 0 0 0
0 552 1 1.3 0.3 0 1 0 0 0 0
0 553 1 1.3 0.35 0 1 0 0 0 0
0 554 1 1.3 0.4 0 1 0 0 0 0
0 555 1 1.3 0.45 0 1 0 0 0 0
0 556 1 1.3 0.5 0 1 0 0 0 0
0 557 1 1.3 0.55 0 1 0 0 0 0
0 558 1 1.3 0.6 0 1 0 0 0 0
0 559 1 1.3 0.65 0 1 0 0 0 0
0 560 1 1.3 0.7 0 1 0 0 0 0
0 561 1 1.3 0.75 0 1 0 0 0 0
0 562 1 1.3 0.8 0 1 0 0 0 0
0 563 1 1.3 0.85 0 1 0 0 0 0
0 564 1 1.3 0.9 0 1 0 0 0 0
0 565 1 1.3 0.95 0 1 0 0 0 0
0 566 1 1.3 1 0 1 0 0 0 0
0 567 1 1.35 1 0 1 0 0 0 0
0 568 1 1.35 0.95 0 1 0 0 0 0
0 569 1 1.35 0.9 0 1 0 0 0 0
0 570 1 1.35 0.85 0 1 0 0 0 0
0 571 1 1.35 0.8 0 1 0 0 0 0
0 572 1 1.35 0.75 0 1 0 0 0 0
0 573 1 1.35 0.7 0 1 0 0 0 0
0 574 1 1.35 0.65 0 1 0 0 0 0
0 575 1 1.35 0.6 0 1 0 0 0 0
0 576 1 1.35 0.55 0 1 0 0 0 0
0 577 1 1.35 0.5 0 1 0 0 0 0
0 578 1 1.35 0.45 0 1 0 0 0 0
0 579 1 1.35 0.4 0 1 0 0 0 0
0 580 1 1.35 0.35 0 1 0 0 0 0
0 581 1 1.35 0.3 0 1 0 0 0 0
0 582 1 1.35 0.25 0 1 0 0 0 0
0 583 1 1.35 0.2 0 1 0 0 0 0
0 584 1 1.35 0.15 0 1 0 0 0 0
0 585 1 1.35 0.1 0 1 0 0 0 0
0 586 1 1.35 0.05 0 1 0 0 0 0
0 587 1 1.35 0 0 1 0 0 0 0
0 588 1 1.4 0 0 1 0 0 0 0
0 589 1 1.4 0.05 0 1 0 0 0 0
0 590 1 1.4 0.1 0 1 0 0 0 0
0 591 1 1.4 0.15 0 1 0 0 0 0
0 592 1 1.4 0.2 0 1 0 0 0 0
0 593 1 1.4 0.25 0 1 0 0 0 0
0 594 1 1.4 0.3 0 1 0 0 0 0
0 595 1 1.4 0.35 0 1 0 0 0 0
0 596 1 1.4 0.4 0 1 0 0 0 0
0 597 1 1.4 0.45 0 1 0 0 0 0
0 598 1 1.4 0.5 0 1 0 0 0 0
0 599 1 1.4 0.55 0 1 0 0 0 0
0 600 1 1.4 0.6 0 1 0 0 0 0
0 601 1 1.4 0.65 0 1 0 0 0 0
0 602 1 1.4 0.7 0 1 0 0 0 0
0 603 1 1.4 0.75 0 1 0 0 0 0
0 604 1 1.4 0.8 0 1 0 0 0 0
0 605 1 1.4 0.85 0 1 0 0 0 0
0 606 1 1.4 0.9 0 1 0 0 0 0
0 607 1 1.4 0.95 0 1 0 0 0 0
0 608 1 1.4 1 0 1 0 0 0 0
0 609 1 1.45 1 0 1 0 0 0 0
0 610 1 1.45 0.95 0 1 0 0 0 0
0 611 1 1.45 0.9 0 1 0 0 0 0
0 612 1 1.45 0.85 0 1 0 0 0 0
0 613 1 1.45 0.8 0 1 0 0 0 0
0 614 1 1.45 0.75 0 1 0 0 0 0
0 615 1 1.45 0.7 0 1 0 0 0 0
0 616 1 1.45 0.65 0 1 0 0 0 0
0 617 1 1.45 0.6 0 1 0 0 0 0
0 618 1 1.45 0.55 0 1 0 0 0 0
0 619 1 1.45 0.5 0 1 0 0 0 0
0 620 1 1.45 0.45 0 1 0 0 0 0
0 621 1 1.45 0.4 0 1 0 0 0 0
0 622 1 1.45 0.35 0 1 0 0 0 0
0 623 1 1.45 0.3 0 1 0 0 0 0
0 624 1 1.45 0.25 0 1 0 0 0 0
0 625 1 1.45 0.2 0 1 0 0 0 0
0 626 1 1.45 0.15 0 1 0 0 0 0
0 627 1 1.45 0.1 0 1 0 0 0 0
0 628 1 1.45 0.05 0 1 0 0 0 0
0 629 1 1.45 0 0 1 0 0 0 0
0 630 1 1.5 0 0 1 0 0 0 0
0 631 1 1.5 0.05 0 1 0 0 0 0
0 632 1 1.5 0.1 0 1 0 0 0 0
0 633 1 1.5 0.15 0 1 0 0 0 0
0 634 1 1.5 0.2 0 1 0 0 0 0
0 635 1 1.5 0.25 0 1 0 0 0 0
0 636 1 1.5 0.3 0 1 0 0 0 0
0 637 1 1.5 0.35 0 1 0 0 0 0
0 638 1 1.5 0.4 0 1 0 0 0 0
0 639 1 1.5 0.45 0 1 0 0 0 0
0 640 1 1.5 0.5 0 1 0 0 0 0
0 641 1 1.5 0.55 0 1 0 0 0 0
0 642 1 1.5 0.6 0 1 0 0 0 0
0 643 1 1.5 0.65 0 1 0 0 0 0
0 644 1 1.5 0.7 0 1 0 0 0 0
0 645 1 1.5 0.75 0 1 0 0 0 0
0 646 1 1.5 0.8 0 1 0 0 0 0
0 647 1 1.5 0.85 0 1 0 0 0 0
0 648 1 1.5 0.9 0 1 0 0 0 0
0 649 1 1.5 0.95 0 1 0 0 0 0
0 650 1 1.5 1 0 1 0 0 0 0
0 651 1 1.55 1 0 1 0 0 0 0
0 652 1 1.55 0.95 0 1 0 0 0 0
0 653 1 1.55 0.9 0 1 0 0 0 0
0 654 1 1.55 0.85 0 1 0 0 0 0
0 655 1 1.55 0.8 0 1 0 0 0 0
0 656 1 1.55 0.75 0 1 0 0 0 0
0 657 1 1.55 0.7 0 1 0 0 0 0
0 658 1 1.55 0.65 0 1 0 0 0 0
0 659 1 1.55 0.6 0 1 0 0 0 0
0 660 1 1.55 0.55 0 1 0 0 0 0
0 661 1 1.55 0.5 0 1 0 0 0 0
0 662 1 1.55 0.45 0 1 0 0 0 0
0 663 1 1.55 0.4 0 1 0 0 0 0
0 664 1 1.55 0.35 0 1 0 0 0 0
0 665 1 1.55 0.3 0 1 0 0 0 0
0 666 1 1.55 0.25 0 1 0 0 0 0
0 667 1 1.55 0.2 0 1 0 0 0 0
0 668 1 1.55 0.15 0 1 0 0 0 0
0 669 1 1.55 0.1 0 1 0 0 0 0
0 670 1 1.55 0.05 0 1 0 0 0 0
0 671 1 1.55 0 0 1 0 0 0 0
0 672 1 1.6 0 0 1 0 0 0 0
0 673 1 1.6 0.05 0 1 0 0 0 0
0 674 1 1.6 0.1 0 1 0 0 0 0
0 675 1 1.6 0.15 0 1 0 0 0 0
0 676 1 1.6 0.2 0 1 0 0 0 0
0 677 1 1.6 0.25 0 1 0 0 0 0
0 678 1 1.6 0.3 0 1 0 0 0 0
0 679 1 1.6 0.35 0 1 0 0 0 0
0 680 1 1.6 0.4 0 1 0 0 0 0
0 681 1 1.6 0.45 0 1 0 0 0 0
0 682 1 1.6 0.5 0 1 0 0 0 0
0 683 1 1.6 0.55 0 1 0 0 0 0
0 684 1 1.6 0.6 0 1 0 0 0 0
0 685 1 1.6 0.65 0 1 0 0 0 0
0 686 1 1.6 0.7 0 1 0 0 0 0
0 687 1 1.6 0.75 0 1 0 0 0 0
0 688 1 1.6 0.8 0 1 0 0 0 0
0 689 1 1.6 0.85 0 1 0 0 0 0
0 690 1 1.6 0.9 0 1 0 0 0 0
0 691 1 1.6 0.95 0 1 0 0 0 0
0 692 1 1.6 1 0 1 0 0 0 0
0 693 1 1.65 1 0 1 0 0 0 0
0 694 1 1.65 0.95 0 1 0 0 0 0
0 695 1 1.65 0.9 0 1 0 0 0 0
0 696 1 1.65 0.85 0 1 0 0 0 0
0 697 1 1.65 0.8 0 1 0 0 0 0
0 698 1 1.65 0.75 0 1 0 0 0 0
0 699 1 1.65 0.7 0 1 0 0 0 0
0 700 1 1.65 0.65 0 1 0 0 0 0
0 701 1 1.65 0.6 0 1 0 0 0 0
0 702 1 1.65 0.55 0 1 0 0 0 0
0 703 1 1.65 0.5 0 1 0 0 0 0
0 704 1 1.65 0.45 0 1 0 0 0 0
0 705 1 1.65 0.4 0 1 0 0 0 0
0 706 1 1.65 0.35 0 1 0 0 0 0
0 707 1 1.65 0.3 0 1 0 0 0 0
0 708 1 1.65 0.25 0 1 0 0 0 0
0 709 1 1.65 0.2 0 1 0 0 0 0
0 710 1 1.65 0.15 0 1 0 0 0 0
0 711 1 1.65 0.1 0 1 0 0 0 0
0 712 1 1.65 0.05 0 1 0 0 0 0
0 713 1 1.65 0 0 1 0 0 0 0
0 714 1 1.7 0 0 1 0 0 0 0
0 715 1 1.7 0.05 0 1 0 0 0 0
0 716 1 1.7 0.1 0 1 0 0 0 0
0 717 1 1.7 0.15 0 1 0 0 0 0
0 718 1 1.7 0.2 0 1 0 0 0 0
0 719 1 1.7 0.25 0 1 0 0 0 0
0 720 1 1.7 0.3 0 1 0 0 0 0
0 721 1 1.7 0.35 0 1 0 0 0 0
0 722 1 1.7 0.4 0 1 0 0 0 0
0 723 1 1.7 0.45 0 1 0 0 0 0
0 724 1 1.7 0.5 0 1 0 0 0 0
0 725 1 1.7 0.55 0 1 0 0 0 0
0 726 1 1.7 0.6 0 1 0 0 0 0
0 727 1 1.7 0.65 0 1 0 0 0 0
0 728 1 1.7 0.7 0 1 0 0 0 0
0 729 1 1.7 0.75 0 1 0 0 0 0
0 730 1 1.7 0.8 0 1 0 0 0 0
0 731 1 1.7 0.85 0 1 0 0 0 0
0 732 1 1.7 0.9 0 1 0 0 0 0
0 733 1 1.7 0.95 0 1 0 0 0 0
0 734 1 1.7 1 0 1 0 0 0 0
0 735 1 1.75 1 0 1 0 0 0 0
0 736 1 1.75 0.95 0 1 0 0 0 0
0 737 1 1.75 0.9 0 1 0 0 0 0
0 738 1 1.75 0.85 0 1 0 0 0 0
0 739 1 1.75 0.8 0 1 0 0 0 0
0 740 1 1.75 0.75 0 1 0 0 0 0
0 741 1 1.75 0.7 0 1 0 0 0 0
0 742 1 1.75 0.65 0 1 0 0 0 0
0 743 1 1.75 0.6 0 1 0 0 0 0
0 744 1 1.75 0.55 0 1 0 0 0 0
0 745 1 1.75 0.5 0 1 0 0 0 0
0 746 1 1.75 0.45 0 1 0 0 0 0
0 747 1 1.75 0.4 0 1 0 0 0 0
0 748 1 1.75 0.35 0 1 0 0 0 0
0 749 1 1.75 0.3 0 1 0 0 0 0
0 750 1 1.75 0.25 0 1 0 0 0 0
0 751 1 1.75 0.2 0 1 0 0 0 0
0 752 1 1.75 0.15 0 1 0 0 0 0
0 753 1 1.75 0.1 0 1 0 0 0 0
0 754 1 1.75 0.05 0 1 0 0 0 0
0 755 1 1.75 0 0 1 0 0 0 0
0 756 1 1.8 0 0 1 0 0 0 0
0 757 1 1.8 0.05 0 1 0 0 0 0
0 758 1 1.8 0.1 0 1 0 0 0 0
0 759 1 1.8 0.15 0 1 0 0 0 0
0 760 1 1.8 0.2 0 1 0 0 0 0
0 761 1 1.8 0.25 0 1 0 0 0 0
0 762 1 1.8 0.3 0 1 0 0 0 0
0 763 1 1.8 0.35 0 1 0 0 0 0
0 764 1 1.8 0.4 0 1 0 0 0 0
0 765 1 1.8 0.45 0 1 0 0 0 0
0 766 1 1.8 0.5 0 1 0 0 0 0
0 767 1 1.8 0.55 0 1 0 0 0 0
0 768 1 1.8 0.6 0 1 0 0 0 0
0 769 1 1.8 0.65 0 1 0 0 0 0
0 770 1 1.8 0.7 0 1 0 0 0 0
0 771 1 1.8 0.75 0 1 0 0 0 0
0 772 1 1.8 0.8 0 1 0 0 0 0
0 773 1 1.8 0.85 0 1 0 0 0 0
0 774 1 1.8 0.9 0 1 0 0 0 0
0 775 1 1.8 0.95 0 1 0 0 0 0
0 776 1 1.8 1 0 1 0 0 0 0
0 777 1 1.85 1 0 1 0 0 0 0
0 778 1 1.85 0.95 0 1 0 0 0 0
0 779 1 1.85 0.9 0 1 0 0 0 0
0 780 1 1.85 0.85 0 1 0 0 0 0
0 781 1 1.85 0.8 0 1 0 0 0 0
0 782 1 1.85 0.75 0 1 0 0 0 0
0 783 1 1.85 0.7 0 1 0 0 0 0
0 784 1 1.85 0.65 0 1 0 0 0 0
0 785 1 1.85 0.6 0 1 0 0 0 0
0 786 1 1.85 0.55 0 1 0 0 0 0
0 787 1 1.85 0.5 0 1 0 0 0 0
0 788 1 1.85 0.45 0 1 0 0 0 0
0 789 1 1.85 0.4 0 1 0 0 0 0
0 790 1 1.85 0.35 0 1 0 0 0 0
0 791 1 1.85 0.3 0 1 0 0 0 0
0 792 1 1.85 0.25 0 1 0 0 0 0
0 793 1 1.85 0.2 0 1 0 0 0 0
0 794 1 1.85 0.15 0 1 0 0 0 0
0 795 1 1.85 0.1 0 1 0 0 0 0
0 796 1 1.85 0.05 0 1 0 0 0 0
0 797 1 1.85 0 0 1 0 0 0 0
0 798 1 1.9 0 0 1 0 0 0 0
0 799 1 1.9 0.05 0 1 0 0 0 0
0 800 1 1.9 0.1 0 1 0 0 0 0
0 801 1 1.9 0.15 0 1 0 0 0 0
0 802 1 1.9 0.2 0 1 0 0 0 0
0 803 1 1.9 0.25 0 1 0 0 0 0
0 804 1 1.9 0.3 0 1 0 0 0 0
0 805 1 1.9 0.35 0 1 0 0 0 0
0 806 1 1.9 0.4 0 1 0 0 0 0
0 807 1 1.9 0.45 0 1 0 0 0 0
0 808 1 1.9 0.5 0 1 0 0 0 0
0 809 1 1.9 0.55 0 1 0 0 0 0
0 810 1 1.9 0.6 0 1 0 0 0 0
0 811 1 1.9 0.65 0 1 0 0 0 0
0 812 1 1.9 0.7 0 1 0 0 0 0
0 813 1 1.9 0.75 0 1 0 0 0 0
0 814 1 1.9 0.8 0 1 0 0 0 0
0 815 1 1.9 0.85 0 1 0 0 0 0
0 816 1 1.9 0.9 0 1 0 0 0 0
0 817 1 1.9 0.95 0 1 0 0 0 0
0 818 1 1.9 1 0 1 0 0 0 0
0 819 1 1.95 1 0 1 0 0 0 0
0 820 1 1.95 0.95 0 1 0 0 0 0
0 821 1 1.95 0.9 0 1 0 0 0 0
0 822 1 1.95 0.85 0 1 0 0 0 0
0 823 1 1.95 0.8 0 1 0 0 0 0
0 824 1 1.95 0.75 0 1 0 0 0 0
0 825 1 1.95 0.7 0 1 0 0 0 0
0 826 1 1.95 0.65 0 1 0 0 0 0
0 827 1 1.95 0.6 0 1 0 0 0 0
0 828 1 1.95 0.55 0 1 0 0 0 0
0 829 1 1.95 0.5 0 1 0 0 0 0
0 830 1 1.95 0.45 0 1 0 0 0 0
0 831 1 1.95 0.4 0 1 0 0 0 0
0 832 1 1.95 0.35 0 1 0 0 0 0
0 833 1 1.95 0.3 0 1 0 0 0 0
0 834 1 1.95 0.25 0 1 0 0 0 0
0 835 1 1.95 0.2 0 1 0 0 0 0
0 836 1 1.95 0.15 0 1 0 0 0 0
0 837 1 1.95 0.1 0 1 0 0 0 0
0 838 1 1.95 0.05 0 1 0 0 0 0
0 839 1 1.95 0 0 1 0 0 0 0
0 840 1 2 0 0 1 0 0 0 0
0 841 1 2 0.05 0 1 0 0 0 0
0 842 1 2 0.1 0 1 0 0 0 0
0 843 1 2 0.15 0 1 0 0 0 0
0 844 1 2 0.2 0 1 0 0 0 0
0 845 1 2 0.25 0 1 0 0 0 0
0 846 1 2 0.3 0 1 0 0 0 0
0 847 1 2 0.35 0 1 0 0 0 0
0 848 1 2 0.4 0 1 0 0 0 0
0 849 1 2 0.45 0 1 0 0 0 0
0 850 1 2 0.5 0 1 0 0 0 0
0 851 1 2 0.55 0 1 0 0 0 0
0 852 1 2 0.6 0 1 0 0 0 0
0 853 1 2 0.65 0 1 0 0 0 0
0 854 1 2 0.7 0 1 0 0 0 0
0 855 1 2 0.75 0 1 0 0 0 0
0 856 1 2 0.8 0 1 0 0 0 0
0 857 1 2 0.85 0 1 0 0 0 0
0 858 1 2 0.9 0 1 0 0 0 0
0 859 1 2 0.95 0 1 0 0 0 0
0 860 1 2 1 0 1 0 0 0 0
0 861 1 2.05 1 0 1 0 0 0 0
0 862 1 2.05 0.95 0 1 0 0 0 0
0 863 1 2.05 0.9 0 1 0 0 0 0
0 864 1 2.05 0.85 0 1 0 0 0 0
0 865 1 2.05 0.8 0 1 0 0 0 0
0 866 1 2.05 0.75 0 1 0 0 0 0
0 867 1 2.05 0.7 0 1 0 0 0 0
0 868 1 2.05 0.65 0 1 0 0 0 0
0 869 1 2.05 0.6 0 1 0 0 0 0
0 870 1 2.05 0.55 0 1 0 0 0 0
0 871 1 2.05 0.5 0 1 0 0 0 0
0 872 1 2.05 0.45 0 1 0 0 0 0
0 873 1 2.05 0.4 0 1 0 0 0 0
0 874 1 2.05 0.35 0 1 0 0 0 0
0 875 1 2.05 0.3 0 1 0 0 0 0
0 876 1 2.05 0.25 0 1 0 0 0 0
0 877 1 2.05 0.2 0 1 0 0 0 0
0 878 1 2.05 0.15 0 1 0 0 0 0
0 879 1 2.05 0.1 0 1 0 0 0 0
0 880 1 2.05 0.05 0 1 0 0 0 0
0 881 1 2.05 0 0 1 0 0 0 0
0 882 1 2.1 0 0 1 0 0 0 0
0 883 1 2.1 0.05 0 1 0 0 0 0
0 884 1 2.1 0.1 0 1 0 0 0 0
0 885 1 2.1 0.15 0 1 0 0 0 0
0 886 1 2.1 0.2 0 1 0 0 0 0
0 887 1 2.1 0.25 0 1 0 0 0 0
0 888 1 2.1 0.3 0 1 0 0 0 0
0 889 1 2.1 0.35 0 1 0 0 0 0
0 890 1 2.1 0.4 0 1 0 0 0 0
0 891 1 2.1 0.45 0 1 0 0 0 0
0 892 1 2.1 0.5 0 1 0 0 0 0
0 893 1 2.1 0.55 0 1 0 0 0 0
0 894 1 2.1 0.6 0 1 0 0 0 0
0 895 1 2.1 0.65 0 1 0 0 0 0
0 896 1 2.1 0.7 0 1 0 0 0 0
0 897 1 2.1 0.75 0 1 0 0 0 0
0 898 1 2.1 0.8 0 1 0 0 0 0
0 899 1 2.1 0.85 0 1 0 0 0 0
0 900 1 2.1 0.9 0 1 0 0 0 0
0 901 1 2.1 0.95 0 1 0 0 0 0
0 902 1 2.1 1 0 1 0 0 0 0
0 903 1 2.15 1 0 1 0 0 0 0
0 904 1 2.15 0.95 0 1 0 0 0 0
0 905 1 2.15 0.9 0 1 0 0 0 0
0 906 1 2.15 0.85 0 1 0 0 0 0
0 907 1 2.15 0.8 0 1 0 0 0 0
0 908 1 2.15 0.75 0 1 0 0 0 0
0 909 1 2.15 0.7 0 1 0 0 0 0
0 910 1 2.15 0.65 0 1 0 0 0 0
0 911 1 2.15 0.6 0 1 0 0 0 0
0 912 1 2.15 0.55 0 1 0 0 0 0
0 913 1 2.15 0.5 0 1 0 0 0 0
0 914 1 2.15 0.45 0 1 0 0 0 0
0 915 1 2.15 0.4 0 1 0 0 0 0
0 916 1 2.15 0.35 0 1 0 0 0 0
0 917 1 2.15 0.3 0 1 0 0 0 0
0 918 1 2.15 0.25 0 1 0 0 0 0
0 919 1 2.15 0.2 0 1 0 0 0 0
0 920 1 2.15 0.15 0 1 0 0 0 0
0 921 1 2.15 0.1 0 1 0 0 0 0
0 922 1 2.15 0.05 0 1 0 0 0 0
0 923 1 2.15 0 0 1 0 0 0 0
0 924 1 2.2 0 0 1 0 0 0 0
0 925 1 2.2 0.05 0 1 0 0 0 0
0 926 1 2.2 0.1 0 1 0 0 0 0
0 927 1 2.2 0.15 0 1 0 0 0 0
0 928 1 2.2 0.2 0 1 0 0 0 0
0 929 1 2.2 0.25 0 1 0 0 0 0
0 930 1 2.2 0.3 0 1 0 0 0 0
0 931 1 2.2 0.35 0 1 0 0 0 0
0 932 1 2.2 0.4 0 1 0 0 0 0
0 933 1 2.2 0.45 0 1 0 0 0 0
0 934 1 2.2 0.5 0 1 0 0 0 0
0 935 1 2.2 0.55 0 1 0 0 0 0
0 936 1 2.2 0.6 0 1 0 0 0 0
0 937 1 2.2 0.65 0 1 0 0 0 0
0 938 1 2.2 0.7 0 1 0 0 0 0
0 939 1 2.2 0.75 0 1 0 0 0 0
0 940 1 2.2 0.8 0 1 0 0 0 0
0 941 1 2.2 0.85 0 1 0 0 0 0
0 942 1 2.2 0.9 0 1 0 0 0 0
0 943 1 2.2 0.95 0 1 0 0 0 0
0 944 1 2.2 1 0 1 0 0 0 0
0 945 1 2.25 1 0 1 0 0 0 0
0 946 1 2.25 0.95 0 1 0 0 0 0
0 947 1 2.25 0.9 0 1 0 0 0 0
0 948 1 2.25 0.85 0 1 0 0 0 0
0 949 1 2.25 0.8 0 1 0 0 0 0
0 950 1 2.25 0.75 0 1 0 0 0 0
0 951 1 2.25 0.7 0 1 0 0 0 0
0 952 1 2.25 0.65 0 1 0 0 0 0
0 953 1 2.25 0.6 0 1 0 0 0 0
0 954 1 2.25 0.55 0 1 0 0 0 0
0 955 1 2.25 0.5 0 1 0 0 0 0
0 956 1 2.25 0.45 0 1 0 0 0 0
0 957 1 2.25 0.4 0 1 0 0 0 0
0 958 1 2.25 0.35 0 1 0 0 0 0
0 959 1 2.25 0.3 0 1 0 0 0 0
0 960 1 2.25 0.25 0 1 0 0 0 0
0 961 1 2.25 0.2 0 1 0 0 0 0
0 962 1 2.25 0.15 0 1 0 0 0 0
0 963 1 2.25 0.1 0 1 0 0 0 0
0 964 1 2.25 0.05 0 1 0 0 0 0
0 965 1 2.25 0 0 1 0 0 0 0
0 966 1 2.3 0 0 1 0 0 0 0
0 967 1 2.3 0.05 0 1 0 0 0 0
0 968 1 2.3 0.1 0 1 0 0 0 0
0 969 1 2.3 0.15 0 1 0 0 0 0
0 970 1 2.3 0.2 0 1 0 0 0 0
0 971 1 2.3 0.25 0 1 0 0 0 0
0 972 1 2.3 0.3 0 1 0 0 0 0
0 973 1 2.3 0.35 0 1 0 0 0 0
0 974 1 2.3 0.4 0 1 0 0 0 0
0 975 1 2.3 0.45 0 1 0 0 0 0
0 976 1 2.3 0.5 0 1 0 0 0 0
0 977 1 2.3 0.55 0 1 0 0 0 0
0 978 1 2.3 0.6 0 1 0 0 0 0
0 979 1 2.3 0.65 0 1 0 0 0 0
0 980 1 2.3 0.7 0 1 0 0 0 0
0 981 1 2.3 0.75 0 1 0 0 0 0
0 982 1 2.3 0.8 0 1 0 0 0 0
0 983 1 2.3 0.85 0 1 0 0 0 0
0 984 1 2.3 0.9 0 1 0 0 0 0
0 985 1 2.3 0.95 0 1 0 0 0 0
0 986 1 2.3 1 0 1 0 0 0 0
0 987 1 2.35 1 0 1 0 0 0 0
0 988 1 2.35 0.95 0 1 0 0 0 0
0 989 1 2.35 0.9 0 1 0 0 0 0
0 990 1 2.35 0.85 0 1 0 0 0 0
0 991 1 2.35 0.8 0 1 0 0 0 0
0 992 1 2.35 0.75 0 1 0 0 0 0
0 993 1 2.35 0.7 0 1 0 0 0 0
0 994 1 2.35 0.65 0 1 0 0 0 0
0 995 1 2.35 0.6 0 1 0 0 0 0
0 996 1 2.35 0.55 0 1 0 0 0 0
0 997 1 2.35 0.5 0 1 0 0 0 0
0 998 1 2.35 0.45 0 1 0 0 0 0
0 999 1 2.35 0.4 0 1 0 0 0 0
0 1000 1 2.35 0.35 0 1 0 0 0 0
0 1001 1 2.35 0.3 0 1 0 0 0 0
0 1002 1 2.35 0.25 0 1 0 0 0 0
0 1003 1 2.35 0.2 0 1 0 0 0 0
0 1004 1 2.35 0.15 0 1 0 0 0 0
0 1005 1 2.35 0.1 0 1 0 0 0 0
0 1006 1 2.35 0.05 0 1 0 0 0 0
0 1007 1 2.35 0 0 1 0 0 0 0
0 1008 1 2.4 0 0 1 0 0 0 0
0 1009 1 2.4 0.05 0 1 0 0 0 0
0 1010 1 2.4 0.1 0 1 0 0 0 0
0 1011 1 2.4 0.15 0 1 0 0 0 0
0 1012 1 2.4 0.2 0 1 0 0 0 0
0 1013 1 2.4 0.25 0 1 0 0 0 0
0 1014 1 2.4 0.3 0 1 0 0 0 0
0 1015 1 2.4 0.35 0 1 0 0 0 0
0 1016 1 2.4 0.4 0 1 0 0 0 0
0 1017 1 2.4 0.45 0 1 0 0 0 0
0 1018 1 2.4 0.5 0 1 0 0 0 0
0 1019 1 2.4 0.55 0 1 0 0 0 0
0 1020 1 2.4 0.6 0 1 0 0 0 0
0 1021 1 2.4 0.65 0 1 0 0 0 0
0 1022 1 2.4 0.7 0 1 0 0 0 0
0 1023 1 2.4 0.75 0 1 0 0 0 0
0 1024 1 2.4 0.8 0 1 0 0 0 0
0 1025 1 2.4 0.85 0 1 0 0 0 0
0 1026 1 2.4 0.9 0 1 0 0 0 0
0 1027 1 2.4 0.95 0 1 0 0 0 0
0 1028 1 2.4 1 0 1 0 0 0 0
0 1029 1 2.45 1 0 1 0 0 0 0
0 1030 1 2.45 0.95 0 1 0 0 0 0
0 1031 1 2.45 0.9 0 1 0 0 0 0
0 1032 1 2.45 0.85 0 1 0 0 0 0
0 1033 1 2.45 0.8 0 1 0 0 0 0
0 1034 1 2.45 0.75 0 1 0 0 0 0
0 1035 1 2.45 0.7 0 1 0 0 0 0
0 1036 1 2.45 0.65 0 1 0 0 0 0
0 1037 1 2.45 0.6 0 1 0 0 0 0
0 1038 1 2.45 0.55 0 1 0 0 0 0
0 1039 1 2.45 0.5 0 1 0 0 0 0
0 1040 1 2.45 0.45 0 1 0 0 0 0
0 1041 1 2.45 0.4 0 1 0 0 0 0
0 1042 1 2.45 0.35 0 1 0 0 0 0
0 1043 1 2.45 0.3 0 1 0 0 0 0
0 1044 1 2.45 0.25 0 1 0 0 0 0
0 1045 1 2.45 0.2 0 1 0 0 0 0
0 1046 1 2.45 0.15 0 1 0 0 0 0
0 1047 1 2.45 0.1 0 1 0 0 0 0
0 1048 1 2.45 0.05 0 1 0 0 0 0
0 1049 1 2.45 0 0 1 0 0 0 0
0 1050 1 2.5 0 0 1 0 0 0 0
0 1051 1 2.5 0.05 0 1 0 0 0 0
0 1052 1 2.5 0.1 0 1 0 0 0 0
0 1053 1 2.5 0.15 0 1 0 0 0 0
0 1054 1 2.5 0.2 0 1 0 0 0 0
0 1055 1 2.5 0.25 0 1 0 0 0 0
0 1056 1 2.5 0.3 0 1 0 0 0 0
0 1057 1 2.5 0.35 0 1 0 0 0 0
0 1058 1 2.5 0.4 0 1 0 0 0 0
0 1059 1 2.5 0.45 0 1 0 0 0 0
0 1060 1 2.5 0.5 0 1 0 0 0 0
0 1061 1 2.5 0.55 0 1 0 0 0 0
0 1062 1 2.5 0.6 0 1 0 0 0 0
0 1063 1 2.5 0.65 0 1 0 0 0 0
0 1064 1 2.5 0.7 0 1 0 0 0 0
0 1065 1 2.5 0.75 0 1 0 0 0 0
0 1066 1 2.5 0.8 0 1 0 0 0 0
0 1067 1 2.5 0.85 0 1 0 0 0 0
0 1068 1 2.5 0.9 0 1 0 0 0 0
0 1069 1 2.5 0.95 0 1 0 0 0 0
0 1070 1 2.5 1 0 1 0 0 0 0
0 1071 1 2.55 1 0 1 0 0 0 0
0 1072 1 2.55 0.95 0 1 0 0 0 0
0 1073 1 2.55 0.9 0 1 0 0 0 0
0 1074 1 2.55 0.85 0 1 0 0 0 0
0 1075 1 2.55 0.8 0 1 0 0 0 0
0 1076 1 2.55 0.75 0 1 0 0 0 0
0 1077 1 2.55 0.7 0 1 0 0 0 0
0 1078 1 2.55 0.65 0 1 0 0 0 0
0 1079 1 2.55 0.6 0 1 0 0 0 0
0 1080 1 2.55 0.55 0 1 0 0 0 0
0 1081 1 2.55 0.5 0 1 0 0 0 0
0 1082 1 2.55 0.45 0 1 0 0 0 0
0 1083 1 2.55 0.4 0 1 0 0 0 0
0 1084 1 2.55 0.35 0 1 0 0 0 0
0 1085 1 2.55 0.3 0 1 0 0 0 0
0 1086 1 2.55 0.25 0 1 0 0 0 0
0 1087 1 2.55 0.2 0 1 0 0 0 0
0 1088 1 2.55 0.15 0 1 0 0 0 0
0 1089 1 2.55 0.1 0 1 0 0 0 0
0 1090 1 2.55 0.05 0 1 0 0 0 0
0 1091 1 2.55 0 0 1 0 0 0 0
0 1092 1 2.6 0 0 1 0 0 0 0
0 1093 1 2.6 0.05 0 1 0 0 0 0
0 1094 1 2.6 0.1 0 1 0 0 0 0
0 1095 1 2.6 0.15 0 1 0 0 0 0
0 1096 1 2.6 0.2 0 1 0 0 0 0
0 1097 1 2.6 0.25 0 1 0 0 0 0
0 1098 1 2.6 0.3 0 1 0 0 0 0
0 1099 1 2.6 0.35 0 1 0 0 0 0
0 1100 1 2.6 0.4 0 1 0 0 0 0
0 1101 1 2.6 0.45 0 1 0 0 0 0
0 1102 1 2.6 0.5 0 1 0 0 0 0
0 1103 1 2.6 0.55 0 1 0 0 0 0
0 1104 1 2.6 0.6 0 1 0 0 0 0
0 1105 1 2.6 0.65 0 1 0 0 0 0
0 1106 1 2.6 0.7 0 1 0 0 0 0
0 1107 1 2.6 0.75 0 1 0 0 0 0
0 1108 1 2.6 0.8 0 1 0 0 0 0
0 1109 1 2.6 0.85 0 1 0 0 0 0
0 1110 1 2.6 0.9 0 1 0 0 0 0
0 1111 1 2.6 0.95 0 1 0 0 0 0
0 1112 1 2.6 1 0 1 0 0 0 0
0 1113 1 2.65 1 0 1 0 0 0 0
0 1114 1 2.65 0.95 0 1 0 0 0 0
0 1115 1 2.65 0.9 0 1 0 0 0 0
0 1116 1 2.65 0.85 0 1 0 0 0 0
0 1117 1 2.65 0.8 0 1 0 0 0 0
0 1118 1 2.65 0.75 0 1 0 0 0 0
0 1119 1 2.65 0.7 0 1 0 0 0 0
0 1120 1 2.65 0.65 0 1 0 0 0 0
0 1121 1 2.65 0.6 0 1 0 0 0 0
0 1122 1 2.65 0.55 0 1 0 0 0 0
0 1123 1 2.65 0.5 0 1 0 0 0 0
0 1124 1 2.65 0.45 0 1 0 0 0 0
0 1125 1 2.65 0.4 0 1 0 0 0 0
0 1126 1 2.65 0.35 0 1 0 0 0 0
0 1127 1 2.65 0.3 0 1 0 0 0 0
0 1128 1 2.65 0.25 0 1 0 0 0 0
0 1129 1 2.65 0.2 0 1 0 0 0 0
0 1130 1 2.65 0.15 0 1 0 0 0 0
0 1131 1 2.65 0.1 0 1 0 0 0 0
0 1132 1 2.65 0.05 0 1 0 0 0 0
0 1133 1 2.65 0 0 1 0 0 0 0
0 1134 1 2.7 0 0 1 0 0 0 0
0 1135 1 2.7 0.05 0 1 0 0 0 0
0 1136 1 2.7 0.1 0 1 0 0 0 0
0 1137 1 2.7 0.15 0 1 0 0 0 0
0 1138 1 2.7 0.2 0 1 0 0 0 0
0 1139 1 2.7 0.25 0 1 0 0 0 0
0 1140 1 2.7 0.3 0 1 0 0 0 0
0 1141 1 2.7 0.35 0 1 0 0 0 0
0 1142 1 2.7 0.4 0 1 0 0 0 0
0 1143 1 2.7 0.45 0 1 0 0 0 0
0 1144 1 2.7 0.5 0 1 0 0 0 0
0 1145 1 2.7 0.55 0 1 0 0 0 0
0 1146 1 2.7 0.6 0 1 0 0 0 0
0 1147 1 2.7 0.65 0 1 0 0 0 0
0 1148 1 2.7 0.7 0 1 0 0 0 0
0 1149 1 2.7 0.75 0 1 0 0 0 0
0 1150 1 2.7 0.8 0 1 0 0 0 0
0 1151 1 2.7 0.85 0 1 0 0 0 0
0 1152 1 2.7 0.9 0 1 0 0 0 0
0 1153 1 2.7 0.95 0 1 0 0 0 0
0 1154 1 2.7 1 0 1 0 0 0 0
0 1155 1 2.75 1 0 1 0 0 0 0
0 1156 1 2.75 0.95 0 1 0 0 0 0
0 1157 1 2.75 0.9 0 1 0 0 0 0
0 1158 1 2.75 0.85 0 1 0 0 0 0
0 1159 1 2.75 0.8 0 1 0 0 0 0
0 1160 1 2.75 0.75 0 1 0 0 0 0
0 1161 1 2.75 0.7 0 1 0 0 0 0
0 1162 1 2.75 0.65 0 1 0 0 0 0
0 1163 1 2.75 0.6 0 1 0 0 0 0
0 1164 1 2.75 0.55 0 1 0 0 0 0
0 1165 1 2.75 0.5 0 1 0 0 0 0
0 1166 1 2.75 0.45 0 1 0 0 0 0
0 1167 1 2.75 0.4 0 1 0 0 0 0
0 1168 1 2.75 0.35 0 1 0 0 0 0
0 1169 1 2.75 0.3 0 1 0 0 0 0
0 1170 1 2.75 0.25 0 1 0 0 0 0
0 1171 1 2.75 0.2 0 1 0 0 0 0
0 1172 1 2.75 0.15 0 1 0 0 0 0
0 1173 1 2.75 0.1 0 1 0 0 0 0
0 1174 1 2.75 0.05 0 1 0 0 0 0
0 1175 1 2.75 0 0 1 0 0 0 0
0 1176 1 2.8 0 0 1 0 0 0 0
0 1177 1 2.8 0.05 0 1 0 0 0 0
0 1178 1 2.8 0.1 0 1 0 0 0 0
0 1179 1 2.8 0.15 0 1 0 0 0 0
0 1180 1 2.8 0.2 0 1 0 0 0 0
0 1181 1 2.8 0.25 0 1 0 0 0 0
0 1182 1 2.8 0.3 0 1 0 0 0 0
0 1183 1 2.8 0.35 0 1 0 0 0 0
0 1184 1 2.8 0.4 0 1 0 0 0 0
0 1185 1 2.8 0.45 0 1 0 0 0 0
0 1186 1 2.8 0.5 0 1 0 0 0 0
0 1187 1 2.8 0.55 0 1 0 0 0 0
0 1188 1 2.8 0.6 0 1 0 0 0 0
0 1189 1 2.8 0.65 0 1 0 0 0 0
0 1190 1 2.8 0.7 0 1 0 0 0 0
0 1191 1 2.8 0.75 0 1 0 0 0 0
0 1192 1 2.8 0.8 0 1 0 0 0 0
0 1193 1 2.8 0.85 0 1 0 0 0 0
0 1194 1 2.8 0.9 0 1 0 0 0 0
0 1195 1 2.8 0.95 0 1 0 0 0 0
0 1196 1 2.8 1 0 1 0 0 0 0
0 1197 1 2.85 1 0 1 0 0 0 0
0 1198 1 2.85 0.95 0 1 0 0 0 0
0 1199 1 2.85 0.9 0 1 0 0 0 0
0 1200 1 2.85 0.85 0 1 0 0 0 0
0 1201 1 2.85 0.8 0 1 0 0 0 0
0 1202 1 2.85 0.75 0 1 0 0 0 0
0 1203 1 2.85 0.7 0 1 0 0 0 0
0 1204 1 2.85 0.65 0 1 0 0 0 0
0 1205 1 2.85 0.6 0 1 0 0 0 0
0 1206 1 2.85 0.55 0 1 0 0 0 0
0 1207 1 2.85 0.5 0 1 0 0 0 0
0 1208 1 2.85 0.45 0 1 0 0 0 0
0 1209 1 2.85 0.4 0 1 0 0 0 0
0 1210 1 2.85 0.35 0 1 0 0 0 0
0 1211 1 2.85 0.3 0 1 0 0 0 0
0 1212 1 2.85 0.25 0 1 0 0 0 0
0 1213 1 2.85 0.2 0 1 0 0 0 0
0 1214 1 2.85 0.15 0 1 0 0 0 0
0 1215 1 2.85 0.1 0 1 0 0 0 0
0 1216 1 2.85 0.05 0 1 0 0 0 0
0 1217 1 2.85 0 0 1 0 0 0 0
0 1218 1 2.9 0 0 1 0 0 0 0
0 1219 1 2.9 0.05 0 1 0 0 0 0
0 1220 1 2.9 0.1 0 1 0 0 0 0
0 1221 1 2.9 0.15 0 1 0 0 0 0
0 1222 1 2.9 0.2 0 1 0 0 0 0
0 1223 1 2.9 0.25 0 1 0 0 0 0
0 1224 1 2.9 0.3 0 1 0 0 0 0
0 1225 1 2.9 0.35 0 1 0 0 0 0
0 1226 1 2.9 0.4 0 1 0 0 0 0
0 1227 1 2.9 0.45 0 1 0 0 0 0
0 1228 1 2.9 0.5 0 1 0 0 0 0
0 1229 1 2.9 0.55 0 1 0 0 0 0
0 1230 1 2.9 0.6 0 1 0 0 0 0
0 1231 1 2.9 0.65 0 1 0 0 0 0
0 1232 1 2.9 0.7 0 1 0 0 0 0
0 1233 1 2.9 0.75 0 1 0 0 0 0
0 1234 1 2.9 0.8 0 1 0 0 0 0
0 1235 1 2.9 0.85 0 1 0 0 0 0
0 1236 1 2.9 0.9 0 1 0 0 0 0
0 1237 1 2.9 0.95 0 1 0 0 0 0
0 1238 1 2.9 1 0 1 0 0 0 0
0 1239 1 2.95 1 0 1 0 0 0 0
0 1240 1 2.95 0.95 0 1 0 0 0 0
0 1241 1 2.95 0.9 0 1 0 0 0 0
0 1242 1 2.95 0.85 0 1 0 0 0 0
0 1243 1 2.95 0.8 0 1 0 0 0 0
0 1244 1 2.95 0.75 0 1 0 0 0 0
0 1245 1 2.95 0.7 0 1 0 0 0 0
0 1246 1 2.95 0.65 0 1 0 0 0 0
0 1247 1 2.95 0.6 0 1 0 0 0 0
0 1248 1 2.95 0.55 0 1 0 0 0 0
0 1249 1 2.95 0.5 0 1 0 0 0 0
0 1250 1 2.95 0.45 0 1 0 0 0 0
0 1251 1 2.95 0.4 0 1 0 0 0 0
0 1252 1 2.95 0.35 0 1 0 0 0 0
0 1253 1 2.95 0.3 0 1 0 0 0 0
0 1254 1 2.95 0.25 0 1 0 0 0 0
0 1255 1 2.95 0.2 0 1 0 0 0 0
0 1256 1 2.95 0.15 0 1 0 0 0 0
0 1257 1 2.95 0.1 0 1 0 0 0 0
0 1258 1 2.95 0.05 0 1 0 0 0 0
0 1259 1 2.95 0 0 1 0 0 0 0
0 1260 1 3 0 0 1 0 0 0 0
0 1261 1 3 0.05 0 1 0 0 0 0
0 1262 1 3 0.1 0 1 0 0 0 0
0 1263 1 3 0.15 0 1 0 0 0 0
0 1264 1 3 0.2 0 1 0 0 0 0
0 1265 1 3 0.25 0 1 0 0 0 0
0 1266 1 3 0.3 0 1 0 0 0 0
0 1267 1 3 0.35 0 1 0 0 0 0
0 1268 1 3 0.4 0 1 0 0 0 0
0 1269 1 3 0.45 0 1 0 0 0 0
0 1270 1 3 0.5 0 1 0 0 0 0
0 1271 1 3 0.55 0 1 0 0 0 0
0 1272 1 3 0.6 0 1 0 0 0 0
0 1273 1 3 0.65 0 1 0 0 0 0
0 1274 1 3 0.7 0 1 0 0 0 0
0 1275 1 3 0.75 0 1 0 0 0 0
0 1276 1 3 0.8 0 1 0 0 0 0
0 1277 1 3 0.85 0 1 0 0 0 0
0 1278 1 3 0.9 0 1 0 0 0 0
0 1279 1 3 0.95 0 1 0 0 0 0
0 1280 1 3 1 0 1 0 0 0 0
0 1281 1 3.05 1 0 1 0 0 0 0
0 1282 1 3.05 0.95 0 1 0 0 0 0
0 1283 1 3.05 0.9 0 1 0 0 0 0
0 1284 1 3.05 0.85 0 1 0 0 0 0
0 1285 1 3.05 0.8 0 1 0 0 0 0
0 1286 1 3.05 0.75 0 1 0 0 0 0
0 1287 1 3.05 0.7 0 1 0 0 0 0
0 1288 1 3.05 0.65 0 1 0 0 0 0
0 1289 1 3.05 0.6 0 1 0 0 0 0
0 1290 1 3.05 0.55 0 1 0 0 0 0
0 1291 1 3.05 0.5 0 1 0 0 0 0
0 1292 1 3.05 0.45 0 1 0 0 0 0
0 1293 1 3.05 0.4 0 1 0 0 0 0
0 1294 1 3.05 0.35 0 1 0 0 0 0
0 1295 1 3.05 0.3 0 1 0 0 0 0
0 1296 1 3.05 0.25 0 1 0 0 0 0
0 1297 1 3.05 0.2 0 1 0 0 0 0
0 1298 1 3.05 0.15 0 1 0 0 0 0
0 1299 1 3.05 0.1 0 1 0 0 0 0
0 1300 1 3.05 0.05 0 1 0 0 0 0
0 1301 1 3.05 0 0 1 0 0 0 0
0 1302 1 3.1 0 0 1 0 0 0 0
0 1303 1 3.1 0.05 0 1 0 0 0 0
0 1304 1 3.1 0.1 0 1 0 0 0 0
0 1305 1 3.1 0.15 0 1 0 0 0 0
0 1306 1 3.1 0.2 0 1 0 0 0 0
0 1307 1 3.1 0.25 0 1 0 0 0 0
0 1308 1 3.1 0.3 0 1 0 0 0 0
0 1309 1 3.1 0.35 0 1 0 0 0 0
0 1310 1 3.1 0.4 0 1 0 0 0 0
0 1311 1 3.1 0.45 0 1 0 0 0 0
0 1312 1 3.1 0.5 0 1 0 0 0 0
0 1313 1 3.1 0.55 0 1 0 0 0 0
0 1314 1 3.1 0.6 0 1 0 0 0 0
0 1315 1 3.1 0.65 0 1 0 0 0 0
0 1316 1 3.1 0.7 0 1 0 0 0 0
0 1317 1 3.1 0.75 0 1 0 0 0 0
0 1318 1 3.1 0.8 0 1 0 0 0 0
0 1319 1 3.1 0.85 0 1 0 0 0 0
0 1320 1 3.1 0.9 0 1 0 0 0 0
0 1321 1 3.1 0.95 0 1 0 0 0 0
0 1322 1 3.1 1 0 1 0 0 0 0
0 1323 1 3.15 1 0 1 0 0 0 0
0 1324 1 3.15 0.95 0 1 0 0 0 0
0 1325 1 3.15 0.9 0 1 0 0 0 0
0 1326 1 3.15 0.85 0 1 0 0 0 0
0 1327 1 3.15 0.8 0 1 0 0 0 0
0 1328 1 3.15 0.75 0 1 0 0 0 0
0 1329 1 3.15 0.7 0 1 0 0 0 0
0 1330 1 3.15 0.65 0 1 0 0 0 0
0 1331 1 3.15 0.6 0 1 0 0 0 0
0 1332 1 3.15 0.55 0 1 0 0 0 0
0 1333 1 3.15 0.5 0 1 0 0 0 0
0 1334 1 3.15 0.45 0 1 0 0 0 0
0 1335 1 3.15 0.4 0 1 0 0 0 0
0 1336 1 3.15 0.35 0 1 0 0 0 0
0 1337 1 3.15 0.3 0 1 0 0 0 0
0 1338 1 3.15 0.25 0 1 0 0 0 0
0 1339 1 3.15 0.2 0 1 0 0 0 0
0 1340 1 3.15 0.15 0 1 0 0 0 0
0 1341 1 3.15 0.1 0 1 0 0 0 0
0 1342 1 3.15 0.05 0 1 0 0 0 0
0 1343 1 3.15 0 0 1 0 0 0 0
0 1344 1 3.2 0 0 1 0 0 0 0
0 1345 1 3.2 0.05 0 1 0 0 0 0
0 1346 1 3.2 0.1 0 1 0 0 0 0
0 1347 1 3.2 0.15 0 1 0 0 0 0
0 1348 1 3.2 0.2 0 1 0 0 0 0
0 1349 1 3.2 0.25 0 1 0 0 0 0
0 1350 1 3.2 0.3 0 1 0 0 0 0
0 1351 1 3.2 0.35 0 1 0 0 0 0
0 1352 1 3.2 0.4 0 1 0 0 0 0
0 1353 1 3.2 0.45 0 1 0 0 0 0
0 1354 1 3.2 0.5 0 1 0 0 0 0
0 1355 1 3.2 0.55 0 1 0 0 0 0
0 1356 1 3.2 0.6 0 1 0 0 0 0
0 1357 1 3.2 0.65 0 1 0 0 0 0
0 1358 1 3.2 0.7 0 1 0 0 0 0
0 1359 1 3.2 0.75 0 1 0 0 0 0
0 1360 1 3.2 0.8 0 1 0 0 0 0
0 1361 1 3.2 0.85 0 1 0 0 0 0
0 1362 1 3.2 0.9 0 1 0 0 0 0
0 1363 1 3.2 0.95 0 1 0 0 0 0
0 1364 1 3.2 1 0 1 0 0 0 0
0 1365 1 3.25 1 0 1 0 0 0 0
0 1366 1 3.25 0.95 0 1 0 0 0 0
0 1367 1 3.25 0.9 0 1 0 0 0 0
0 1368 1 3.25 0.85 0 1 0 0 0 0
0 1369 1 3.25 0.8 0 1 0 0 0 0
0 1370 1 3.25 0.75 0 1 0 0 0 0
0 1371 1 3.25 0.7 0 1 0 0 0 0
0 1372 1 3.25 0.65 0 1 0 0 0 0
0 1373 1 3.25 0.6 0 1 0 0 0 0
0 1374 1 3.25 0.55 0 1 0 0 0 0
0 1375 1 3.25 0.5 0 1 0 0 0 0
0 1376 1 3.25 0.45 0 1 0 0 0 0
0 1377 1 3.25 0.4 0 1 0 0 0 0
0 1378 1 3.25 0.35 0 1 0 0 0 0
0 1379 1 3.25 0.3 0 1 0 0 0 0
0 1380 1 3.25 0.25 0 1 0 0 0 0
0 1381 1 3.25 0.2 0 1 0 0 0 0
0 1382 1 3.25 0.15 0 1 0 0 0 0
0 1383 1 3.25 0.1 0 1 0 0 0 0
0 1384 1 3.25 0.05 0 1 0 0 0 0
0 1385 1 3.25 0 0 1 0 0 0 0
0 1386 1 3.3 0 0 1 0 0 0 0
0 1387 1 3.3 0.05 0 1 0 0 0 0
0 1388 1 3.3 0.1 0 1 0 0 0 0
0 1389 1 3.3 0.15 0 1 0 0 0 0
0 1390 1 3.3 0.2 0 1 0 0 0 0
0 1391 1 3.3 0.25 0 1 0 0 0 0
0 1392 1 3.3 0.3 0 1 0 0 0 0
0 1393 1 3.3 0.35 0 1 0 0 0 0
0 1394 1 3.3 0.4 0 1 0 0 0 0
0 1395 1 3.3 0.45 0 1 0 0 0 0
0 1396 1 3.3 0.5 0 1 0 0 0 0
0 1397 1 3.3 0.55 0 1 0 0 0 0
0 1398 1 3.3 0.6 0 1 0 0 0 0
0 1399 1 3.3 0.65 0 1 0 0 0 0
0 1400 1 3.3 0.7 0 1 0 0 0 0
0 1401 1 3.3 0.75 0 1 0 0 0 0
0 1402 1 3.3 0.8 0 1 0 0 0 0
0 1403 1 3.3 0.85 0 1 0 0 0 0
0 1404 1 3.3 0.9 0 1 0 0 0 0
0 1405 1 3.3 0.95 0 1 0 0 0 0
0 1406 1 3.3 1 0 1 0 0 0 0
0 1407 1 3.35 1 0 1 0 0 0 0
0 1408 1 3.35 0.95 0 1 0 0 0 0
0 1409 1 3.35 0.9 0 1 0 0 0 0
0 1410 1 3.35 0.85 0 1 0 0 0 0
0 1411 1 3.35 0.8 0 1 0 0 0 0
0 1412 1 3.35 0.75 0 1 0 0 0 0
0 1413 1 3.35 0.7 0 1 0 0 0 0
0 1414 1 3.35 0.65 0 1 0 0 0 0
0 1415 1 3.35 0.6 0 1 0 0 0 0
0 1416 1 3.35 0.55 0 1 0 0 0 0
0 1417 1 3.35 0.5 0 1 0 0 0 0
0 1418 1 3.35 0.45 0 1 0 0 0 0
0 1419 1 3.35 0.4 0 1 0 0 0 0
0 1420 1 3.35 0.35 0 1 0 0 0 0
0 1421 1 3.35 0.3 0 1 0 0 0 0
0 1422 1 3.35 0.25 0 1 0 0 0 0
0 1423 1 3.35 0.2 0 1 0 0 0 0
0 1424 1 3.35 0.15 0 1 0 0 0 0
0 1425 1 3.35 0.1 0 1 0 0 0 0
0 1426 1 3.35 0.05 0 1 0 0 0 0
0 1427 1 3.35 0 0 1 0 0 0 0
0 1428 1 3.4 0 0 1 0 0 0 0
0 1429 1 3.4 0.05 0 1 0 0 0 0
0 1430 1 3.4 0.1 0 1 0 0 0 0
0 1431 1 3.4 0.15 0 1 0 0 0 0
0 1432 1 3.4 0.2 0 1 0 0 0 0
0 1433 1 3.4 0.25 0 1 0 0 0 0
0 1434 1 3.4 0.3 0 1 0 0 0 0
0 1435 1 3.4 0.35 0 1 0 0 0 0
0 1436 1 3.4 0.4 0 1 0 0 0 0
0 1437 1 3.4 0.45 0 1 0 0 0 0
0 1438 1 3.4 0.5 0 1 0 0 0 0
0 1439 1 3.4 0.55 0 1 0 0 0 0
0 1440 1 3.4 0.6 0 1 0 0 0 0
0 1441 1 3.4 0.65 0 1 0 0 0 0
0 1442 1 3.4 0.7 0 1 0 0 0 0
0 1443 1 3.4 0.75 0 1 0 0 0 0
0 1444 1 3.4 0.8 0 1 0 0 0 0
0 1445 1 3.4 0.85 0 1 0 0 0 0
0 1446 1 3.4 0.9 0 1 0 0 0 0
0 1447 1 3.4 0.95 0 1 0 0 0 0
0 1448 1 3.4 1 0 1 0 0 0 0
0 1449 1 3.45 1 0 1 0 0 0 0
0 1450 1 3.45 0.95 0 1 0 0 0 0
0 1451 1 3.45 0.9 0 1 0 0 0 0
0 1452 1 3.45 0.85 0 1 0 0 0 0
0 1453 1 3.45 0.8 0 1 0 0 0 0
0 1454 1 3.45 0.75 0 1 0 0 0 0
0 1455 1 3.45 0.7 0 1 0 0 0 0
0 1456 1 3.45 0.65 0 1 0 0 0 0
0 1457 1 3.45 0.6 0 1 0 0 0 0
0 1458 1 3.45 0.55 0 1 0 0 0 0
0 1459 1 3.45 0.5 0 1 0 0 0 0
0 1460 1 3.45 0.45 0 1 0 0 0 0
0 1461 1 3.45 0.4 0 1 0 0 0 0
0 1462 1 3.45 0.35 0 1 0 0 0 0
0 1463 1 3.45 0.3 0 1 0 0 0 0
0 1464 1 3.45 0.25 0 1 0 0 0 0
0 1465 1 3.45 0.2 0 1 0 0 0 0
0 1466 1 3.45 0.15 0 1 0 0 0 0
0 1467 1 3.45 0.1 0 1 0 0 0 0
0 1468 1 3.45 0.05 0 1 0 0 0 0
0 1469 1 3.45 0 0 1 0 0 0 0
0 1470 1 3.5 0 0 1 0 0 0 0
0 1471 1 3.5 0.05 0 1 0 0 0 0
0 1472 1 3.5 0.1 0 1 0 0 0 0
0 1473 1 3.5 0.15 0 1 0 0 0 0
0 1474 1 3.5 0.2 0 1 0 0 0 0
0 1475 1 3.5 0.25 0 1 0 0 0 0
0 1476 1 3.5 0.3 0 1 0 0 0 0
0 1477 1 3.5 0.35 0 1 0 0 0 0
0 1478 1 3.5 0.4 0 1 0 0 0 0
0 1479 1 3.5 0.45 0 1 0 0 0 0
0 1480 1 3.5 0.5 0 1 0 0 0 0
0 1481 1 3.5 0.55 0 1 0 0 0 0
0 1482 1 3.5 0.6 0 1 0 0 0 0
0 1483 1 3.5 0.65 0 1 0 0 0 0
0 1484 1 3.5 0.7 0 1 0 0 0 0
0 1485 1 3.5 0.75 0 1 0 0 0 0
0 1486 1 3.5 0.8 0 1 0 0 0 0
0 1487 1 3.5 0.85 0 1 0 0 0 0
0 1488 1 3.5 0.9 0 1 0 0 0 0
0 1489 1 3.5 0.95 0 1 0 0 0 0
0 1490 1 3.5 1 0 1 0 0 0 0
0 1491 1 3.55 1 0 1 0 0 0 0
0 1492 1 3.55 0.95 0 1 0 0 0 0
0 1493 1 3.55 0.9 0 1 0 0 0 0
0 1494 1 3.55 0.85 0 1 0 0 0 0
0 1495 1 3.55 0.8 0 1 0 0 0 0
0 1496 1 3.55 0.75 0 1 0 0 0 0
0 1497 1 3.55 0.7 0 1 0 0 0 0
0 1498 1 3.55 0.65 0 1 0 0 0 0
0 1499 1 3.55 0.6 0 1 0 0 0 0
0 1500 1 3.55 0.55 0 1 0 0 0 0
0 1501 1 3.55 0.5 0 1 0 0 0 0
0 1502 1 3.55 0.45 0 1 0 0 0 0
0 1503 1 3.55 0.4 0 1 0 0 0 0
0 1504 1 3.55 0.35 0 1 0 0 0 0
0 1505 1 3.55 0.3 0 1 0 0 0 0
0 1506 1 3.55 0.25 0 1 0 0 0 0
0 1507 1 3.55 0.2 0 1 0 0 0 0
0 1508 1 3.55 0.15 0 1 0 0 0 0
0 1509 1 3.55 0.1 0 1 0 0 0 0
0 1510 1 3.55 0.05 0 1 0 0 0 0
0 1511 1 3.55 0 0 1 0 0 0 0
0 1512 1 3.6 0 0 1 0 0 0 0
0 1513 1 3.6 0.05 0 1 0 0 0 0
0 1514 1 3.6 0.1 0 1 0 0 0 0
0 1515 1 3.6 0.15 0 1 0 0 0 0
0 1516 1 3.6 0.2 0 1 0 0 0 0
0 1517 1 3.6 0.25 0 1 0 0 0 0
0 1518 1 3.6 0.3 0 1 0 0 0 0
0 1519 1 3.6 0.35 0 1 0 0 0 0
0 1520 1 3.6 0.4 0 1 0 0 0 0
0 1521 1 3.6 0.45 0 1 0 0 0 0
0 1522 1 3.6 0.5 0 1 0 0 0 0
0 1523 1 3.6 0.55 0 1 0 0 0 0
0 1524 1 3.6 0.6 0 1 0 0 0 0
0 1525 1 3.6 0.65 0 1 0 0 0 0
0 1526 1 3.6 0.7 0 1 0 0 0 0
0 1527 1 3.6 0.75 0 1 0 0 0 0
0 1528 1 3.6 0.8 0 1 0 0 0 0
0 1529 1 3.6 0.85 0 1 0 0 0 0
0 1530 1 3.6 0.9 0 1 0 0 0 0
0 1531 1 3.6 0.95 0 1 0 0 0 0
0 1532 1 3.6 1 0 1 0 0 0 0
0 1533 1 3.65 1 0 1 0 0 0 0
0 1534 1 3.65 0.95 0 1 0 0 0 0
0 1535 1 3.65 0.9 0 1 0 0 0 0
0 1536 1 3.65 0.85 0 1 0 0 0 0
0 1537 1 3.65 0.8 0 1 0 0 0 0
0 1538 1 3.65 0.75 0 1 0 0 0 0
0 1539 1 3.65 0.7 0 1 0 0 0 0
0 1540 1 3.65 0.65 0 1 0 0 0 0
0 1541 1 3.65 0.6 0 1 0 0 0 0
0 1542 1 3.65 0.55 0 1 0 0 0 0
0 1543 1 3.65 0.5 0 1 0 0 0 0
0 1544 1 3.65 0.45 0 1 0 0 0 0
0 1545 1 3.65 0.4 0 1 0 0 0 0
0 1546 1 3.65 0.35 0 1 0 0 0 0
0 1547 1 3.65 0.3 0 1 0 0 0 0
0 1548 1 3.65 0.25 0 1 0 0 0 0
0 1549 1 3.65 0.2 0 1 0 0 0 0
0 1550 1 3.65 0.15 0 1 0 0 0 0
0 1551 1 3.65 0.1 0 1 0 0 0 0
0 1552 1 3.65 0.05 0 1 0 0 0 0
0 1553 1 3.65 0 0 1 0 0 0 0
0 1554 1 3.7 0 0 1 0 0 0 0
0 1555 1 3.7 0.05 0 1 0 0 0 0
0 1556 1 3.7 0.1 0 1 0 0 0 0
0 1557 1 3.7 0.15 0 1 0 0 0 0
0 1558 1 3.7 0.2 0 1 0 0 0 0
0 1559 1 3.7 0.25 0 1 0 0 0 0
0 1560 1 3.7 0.3 0 1 0 0 0 0
0 1561 1 3.7 0.35 0 1 0 0 0 0
0 1562 1 3.7 0.4 0 1 0 0 0 0
0 1563 1 3.7 0.45 0 1 0 0 0 0
0 1564 1 3.7 0.5 0 1 0 0 0 0
0 1565 1 3.7 0.55 0 1 0 0 0 0
0 1566 1 3.7 0.6 0 1 0 0 0 0
0 1567 1 3.7 0.65 0 1 0 0 0 0
0 1568 1 3.7 0.7 0 1 0 0 0 0
0 1569 1 3.7 0.75 0 1 0 0 0 0
0 1570 1 3.7 0.8 0 1 0 0 0 0
0 1571 1 3.7 0.85 0 1 0 0 0 0
0 1572 1 3.7 0.9 0 1 0 0 0 0
0 1573 1 3.7 0.95 0 1 0 0 0 0
0 1574 1 3.7 1 0 1 0 0 0 0
0 1575 1 3.75 1 0 1 0 0 0 0
0 1576 1 3.75 0.95 0 1 0 0 0 0
0 1577 1 3.75 0.9 0 1 0 0 0 0
0 1578 1 3.75 0.85 0 1 0 0 0 0
0 1579 1 3.75 0.8 0 1 0 0 0 0
0 1580 1 3.75 0.75 0 1 0 0 0 0
0 1581 1 3.75 0.7 0 1 0 0 0 0
0 1582 1 3.75 0.65 0 1 0 0 0 0
0 1583 1 3.75 0.6 0 1 0 0 0 0
0 1584 1 3.75 0.55 0 1 0 0 0 0
0 1585 1 3.75 0.5 0 1 0 0 0 0
0 1586 1 3.75 0.45 0 1 0 0 0 0
0 1587 1 3.75 0.4 0 1 0 0 0 0
0 1588 1 3.75 0.35 0 1 0 0 0 0
0 1589 1 3.75 0.3 0 1 0 0 0 0
0 1590 1 3.75 0.25 0 1 0 0 0 0
0 1591 1 3.75 0.2 0 1 0 0 0 0
0 1592 1 3.75 0.15 0 1 0 0 0 0
0 1593 1 3.75 0.1 0 1 0 0 0 0
0 1594 1 3.75 0.05 0 1 0 0 0 0
0 1595 1 3.75 0 0 1 0 0 0 0
0 1596 1 3.8 0 0 1 0 0 0 0
0 1597 1 3.8 0.05 0 1 0 0 0 0
0 1598 1 3.8 0.1 0 1 0 0 0 0
0 1599 1 3.8 0.15 0 1 0 0 0 0
0 1600 1 3.8 0.2 0 1 0 0 0 0
0 1601 1 3.8 0.25 0 1 0 0 0 0
0 1602 1 3.8 0.3 0 1 0 0 0 0
0 1603 1 3.8 0.35 0 1 0 0 0 0
0 1604 1 3.8 0.4 0 1 0 0 0 0
0 1605 1 3.8 0.45 0 1 0 0 0 0
0 1606 1 3.8 0.5 0 1 0 0 0 0
0 1607 1 3.8 0.55 0 1 0 0 0 0
0 1608 1 3.8 0.6 0 1 0 0 0 0
0 1609 1 3.8 0.65 0 1 0 0 0 0
0 1610 1 3.8 0.7 0 1 0 0 0 0
0 1611 1 3.8 0.75 0 1 0 0 0 0
0 1612 1 3.8 0.8 0 1 0 0 0 0
0 1613 1 3.8 0.85 0 1 0 0 0 0
0 1614 1 3.8 0.9 0 1 0 0 0 0
0 1615 1 3.8 0.95 0 1 0 0 0 0
0 1616 1 3.8 1 0 1 0 0 0 0
0 1617 1 3.85 1 0 1 0 0 0 0
0 1618 1 3.85 0.95 0 1 0 0 0 0
0 1619 1 3.85 0.9 0 1 0 0 0 0
0 1620 1 3.85 0.85 0 1 0 0 0 0
0 1621 1 3.85 0.8 0 1 0 0 0 0
0 1622 1 3.85 0.75 0 1 0 0 0 0
0 1623 1 3.85 0.7 0 1 0 0 0 0
0 1624 1 3.85 0.65 0 1 0 0 0 0
0 1625 1 3.85 0.6 0 1 0 0 0 0
0 1626 1 3.85 0.55 0 1 0 0 0 0
0 1627 1 3.85 0.5 0 1 0 0 0 0
0 1628 1 3.85 0.45 0 1 0 0 0 0
0 1629 1 3.85 0.4 0 1 0 0 0 0
0 1630 1 3.85 0.35 0 1 0 0 0 0
0 1631 1 3.85 0.3 0 1 0 0 0 0
0 1632 1 3.85 0.25 0 1 0 0 0 0
0 1633 1 3.85 0.2 0 1 0 0 0 0
0 1634 1 3.85 0.15 0 1 0 0 0 0
0 1635 1 3.85 0.1 0 1 0 0 0 0
0 1636 1 3.85 0.05 0 1 0 0 0 0
0 1637 1 3.85 0 0 1 0 0 0 0
0 1638 1 3.9 0 0 1 0 0 0 0
0 1639 1 3.9 0.05 0 1 0 0 0 0
0 1640 1 3.9 0.1 0 1 0 0 0 0
0 1641 1 3.9 0.15 0 1 0 0 0 0
0 1642 1 3.9 0.2 0 1 0 0 0 0
0 1643 1 3.9 0.25 0 1 0 0 0 0
0 1644 1 3.9 0.3 0 1 0 0 0 0
0 1645 1 3.9 0.35 0 1 0 0 0 0
0 1646 1 3.9 0.4 0 1 0 0 0 0
0 1647 1 3.9 0.45 0 1 0 0 0 0
0 1648 1 3.9 0.5 0 1 0 0 0 0
0 1649 1 3.9 0.55 0 1 0 0 0 0
0 1650 1 3.9 0.6 0 1 0 0 0 0
0 1651 1 3.9 0.65 0 1 0 0 0 0
0 1652 1 3.9 0.7 0 1 0 0 0 0
0 1653 1 3.9 0.75 0 1 0 0 0 0
0 1654 1 3.9 0.8 0 1 0 0 0 0
0 1655 1 3.9 0.85 0 1 0 0 0 0
0 1656 1 3.9 0.9 0 1 0 0 0 0
0 1657 1 3.9 0.95 0 1 0 0 0 0
0 1658 1 3.9 1 0 1 0 0 0 0
0 1659 1 3.95 1 0 1 0 0 0 0
0 1660 1 3.95 0.95 0 1 0 0 0 0
0 1661 1 3.95 0.9 0 1 0 0 0 0
0 1662 1 3.95 0.85 0 1 0 0 0 0
0 1663 1 3.95 0.8 0 1 0 0 0 0
0 1664 1 3.95 0.75 0 1 0 0 0 0
0 1665 1 3.95 0.7 0 1 0 0 0 0
0 1666 1 3.95 0.65 0 1 0 0 0 0
0 1667 1 3.95 0.6 0 1 0 0 0 0
0 1668 1 3.95 0.55 0 1 0 0 0 0
0 1669 1 3.95 0.5 0 1 0 0 0 0
0 1670 1 3.95 0.45 0 1 0 0 0 0
0 1671 1 3.95 0.4 0 1 0 0 0 0
0 1672 1 3.95 0.35 0 1 0 0 0 0
0 1673 1 3.95 0.3 0 1 0 0 0 0
0 1674 1 3.95 0.25 0 1 0 0 0 0
0 1675 1 3.95 0.2 0 1 0 0 0 0
0 1676 1 3.95 0.15 0 1 0 0 0 0
0 1677 1 3.95 0.1 0 1 0 0 0 0
0 1678 1 3.95 0.05 0 1 0 0 0 0
0 1679 1 3.95 0 0 1 0 0 0 0
0 1680 2 0 -0.05 0 0 0 0 0 0
0 1681 3 -3.06162e-018 -0.1 0 0 0 0 0 0
0 1682 3 -6.12323e-018 -0.15 0 0 0 0 0 0
0 1683 3 -9.18485e-018 -0.2 0 0 0 0 0 0
0 1684 3 -1.22465e-017 -0.25 0 0 0 0 0 0
0 1685 2 0.05 -0.05 0 0 0 0 0 0
0 1686 3 0.05 -0.1 0 0 0 0 0 0
0 1687 3 0.05 -0.15 0 0 0 0 0 0
0 1688 3 0.05 -0.2 0 0 0 0 0 0
0 1689 3 0.05 -0.25 0 0 0 0 0 0
0 1690 2 0.1 -0.05 0 0 0 0 0 0
0 1691 3 0.1 -0.1 0 0 0 0 0 0
0 1692 3 0.1 -0.15 0 0 0 0 0 0
0 1693 3 0.1 -0.2 0 0 0 0 0 0
0 1694 3 0.1 -0.25 0 0 0 0 0 0
0 1695 2 0.15 -0.05 0 0 0 0 0 0
0 1696 3 0.15 -0.1 0 0 0 0 0 0
0 1697 3 0.15 -0.15 0 0 0 0 0 0
0 1698 3 0.15 -0.2 0 0 0 0 0 0
0 1699 3 0.15 -0.25 0 0 0 0 0 0
0 1700 2 0.2 -0.05 0 0 0 0 0 0
0 1701 3 0.2 -0.1 0 0 0 0 0 0
0 1702 3 0.2 -0.15 0 0 0 0 0 0
0 1703 3 0.2 -0.2 0 0 0 0 0 0
0 1704 3 0.2 -0.25 0 0 0 0 0 0
0 1705 2 0.25 -0.05 0 0 0 0 0 0
0 1706 3 0.25 -0.1 0 0 0 0 0 0
0 1707 3 0.25 -0.15 0 0 0 0 0 0
0 1708 3 0.25 -0.2 0 0 0 0 0 0
0 1709 3 0.25 -0.25 0 0 0 0 0 0
0 1710 2 0.3 -0.05 0 0 0 0 0 0
0 1711 3 0.3 -0.1 0 0 0 0 0 0
0 1712 3 0.3 -0.15 0 0 0 0 0 0
0 1713 3 0.3 -0.2 0 0 0 0 0 0
0 1714 3 0.3 -0.25 0 0 0 0 0 0
0 1715 2 0.35 -0.05 0 0 0 0 0 0
0 1716 3 0.35 -0.1 0 0 0 0 0 0
0 1717 3 0.35 -0.15 0 0 0 0 0 0
0 1718 3 0.35 -0.2 0 0 0 0 0 0
0 1719 3 0.35 -0.25 0 0 0 0 0 0
0 1720 2 0.4 -0.05 0 0 0 0 0 0
0 1721 3 0.4 -0.1 0 0 0 0 0 0
0 1722 3 0.4 -0.15 0 0 0 0 0 0
0 1723 3 0.4 -0.2 0 0 0 0 0 0
0 1724 3 0.4 -0.25 0 0 0 0 0 0
0 1725 2 0.45 -0.05 0 0 0 0 0 0
0 1726 3 0.45 -0.1 0 0 0 0 0 0
0 1727 3 0.45 -0.15 0 0 0 0 0 0
0 1728 3 0.45 -0.2 0 0 0 0 0 0
0 1729 3 0.45 -0.25 0 0 0 0 0 0
0 1730 2 0.5 -0.05 0 0 0 0 0 0
0 1731 3 0.5 -0.1 0 0 0 0 0 0
0 1732 3 0.5 -0.15 0 0 0 0 0 0
0 1733 3 0.5 -0.2 0 0 0 0 0 0
0 1734 3 0.5 -0.25 0 0 0 0 0 0
0 1735 2 0.55 -0.05 0 0 0 0 0 0
0 1736 3 0.55 -0.1 0 0 0 0 0 0
0 1737 3 0.55 -0.15 0 0 0 0 0 0
0 1738 3 0.55 -0.2 0 0 0 0 0 0
0 1739 3 0.55 -0.25 0 0 0 0 0 0
0 1740 2 0.6 -0.05 0 0 0 0 0 0
0 1741 3 0.6 -0.1 0 0 0 0 0 0
0 1742 3 0.6 -0.15 0 0 0 0 0 0
0 1743 3 0.6 -0.2 0 0 0 0 0 0
0 1744 3 0.6 -0.25 0 0 0 0 0 0
0 1745 2 0.65 -0.05 0 0 0 0 0 0
0 1746 3 0.65 -0.1 0 0 0 0 0 0
0 1747 3 0.65 -0.15 0 0 0 0 0 0
0 1748 3 0.65 -0.2 0 0 0 0 0 0
0 1749 3 0.65 -0.25 0 0 0 0 0 0
0 1750 2 0.7 -0.05 0 0 0 0 0 0
0 1751 3 0.7 -0.1 0 0 0 0 0 0
0 1752 3 0.7 -0.15 0 0 0 0 0 0
0 1753 3 0.7 -0.2 0 0 0 0 0 0
0 1754 3 0.7 -0.25 0 0 0 0 0 0
0 1755 2 0.75 -0.05 0 0 0 0 0 0
0 1756 3 0.75 -0.1 0 0 0 0 0 0
0 1757 3 0.75 -0.15 0 0 0 0 0 0
0 1758 3 0.75 -0.2 0 0 0 0 0 0
0 1759 3 0.75 -0.25 0 0 0 0 0 0
0 1760 2 0.8 -0.05 0 0 0 0 0 0
0 1761 3 0.8 -0.1 0 0 0 0 0 0
0 1762 3 0.8 -0.15 0 0 0 0 0 0
0 1763 3 0.8 -0.2 0 0 0 0 0 0
0 1764 3 0.8 -0.25 0 0 0 0 0 0
0 1765 2 0.85 -0.05 0 0 0 0 0 0
0 1766 3 0.85 -0.1 0 0 0 0 0 0
0 1767 3 0.85 -0.15 0 0 0 0 0 0
0 1768 3 0.85 -0.2 0 0 0 0 0 0
0 1769 3 0.85 -0.25 0 0 0 0 0 0
0 1770 2 0.9 -0.05 0 0 0 0 0 0
0 1771 3 0.9 -0.1 0 0 0 0 0 0
0 1772 3 0.9 -0.15 0 0 0 0 0 0
0 1773 3 0.9 -0.2 0 0 0 0 0 0
0 1774 3 0.9 -0.25 0 0 0 0 0 0
0 1775 2 0.95 -0.05 0 0 0 0 0 0
0 1776 3 0.95 -0.1 0 0 0 0 0 0
0 1777 3 0.95 -0.15 0 0 0 0 0 0
0 1778 3 0.95 -0.2 0 0 0 0 0 0
0 1779 3 0.95 -0.25 0 0 0 0 0 0
0 1780 2 1 -0.05 0 0 0 0 0 0
0 1781 3 1 -0.1 0 0 0 0 0 0
0 1782 3 1 -0.15 0 0 0 0 0 0
0 1783 3 1 -0.2 0 0 0 0 0 0
0 1784 3 1 -0.25 0 0 0 0 0 0
0 1785 2 1.05 -0.05 0 0 0 0 0 0
0 1786 3 1.05 -0.1 0 0 0 0 0 0
0 1787 3 1.05 -0.15 0 0 0 0 0 0
0 1788 3 1.05 -0.2 0 0 0 0 0 0
0 1789 3 1.05 -0.25 0 0 0 0 0 0
0 1790 2 1.1 -0.05 0 0 0 0 0 0
0 1791 3 1.1 -0.1 0 0 0 0 0 0
0 1792 3 1.1 -0.15 0 0 0 0 0 0
0 1793 3 1.1 -0.2 0 0 0 0 0 0
0 1794 3 1.1 -0.25 0 0 0 0 0 0
0 1795 2 1.15 -0.05 0 0 0 0 0 0
0 1796 3 1.15 -0.1 0 0 0 0 0 0
0 1797 3 1.15 -0.15 0 0 0 0 0 0
0 1798 3 1.15 -0.2 0 0 0 0 0 0
0 1799 3 1.15 -0.25 0 0 0 0 0 0
0 1800 2 1.2 -0.05 0 0 0 0 0 0
0 1801 3 1.2 -0.1 0 0 0 0 0 0
0 1802 3 1.2 -0.15 0 0 0 0 0 0
0 1803 3 1.2 -0.2 0 0 0 0 0 0
0 1804 3 1.2 -0.25 0 0 0 0 0 0
0 1805 2 1.25 -0.05 0 0 0 0 0 0
0 1806 3 1.25 -0.1 0 0 0 0 0 0
0 1807 3 1.25 -0.15 0 0 0 0 0 0
0 1808 3 1.25 -0.2 0 0 0 0 0 0
0 1809 3 1.25 -0.25 0 0 0 0 0 0
0 1810 2 1.3 -0.05 0 0 0 0 0 0
0 1811 3 1.3 -0.1 0 0 0 0 0 0
0 1812 3 1.3 -0.15 0 0 0 0 0 0
0 1813 3 1.3 -0.2 0 0 0 0 0 0
0 1814 3 1.3 -0.25 0 0 0 0 0 0
0 1815 2 1.35 -0.05 0 0 0 0 0 0
0 1816 3 1.35 -0.1 0 0 0 0 0 0
0 1817 3 1.35 -0.15 0 0 0 0 0 0
0 1818 3 1.35 -0.2 0 0 0 0 0 0
0 1819 3 1.35 -0.25 0 0 0 0 0 0
0 1820 2 1.4 -0.05 0 0 0 0 0 0
0 1821 3 1.4 -0.1 0 0 0 0 0 0
0 1822 3 1.4 -0.15 0 0 0 0 0 0
0 1823 3 1.4 -0.2 0 0 0 0 0 0
0 1824 3 1.4 -0.25 0 0 0 0 0 0
0 1825 2 1.45 -0.05 0 0 0 0 0 0
0 1826 3 1.45 -0.1 0 0 0 0 0 0
0 1827 3 1.45 -0.15 0 0 0 0 0 0
0 1828 3 1.45 -0.2 0 0 0 0 0 0
0 1829 3 1.45 -0.25 0 0 0 0 0 0
0 1830 2 1.5 -0.05 0 0 0 0 0 0
0 1831 3 1.5 -0.1 0 0 0 0 0 0
0 1832 3 1.5 -0.15 0 0 0 0 0 0
0 1833 3 1.5 -0.2 0 0 0 0 0 0
0 1834 3 1.5 -0.25 0 0 0 0 0 0
0 1835 2 1.55 -0.05 0 0 0 0 0 0
0 1836 3 1.55 -0.1 0 0 0 0 0 0
0 1837 3 1.55 -0.15 0 0 0 0 0 0
0 1838 3 1.55 -0.2 0 0 0 0 0 0
0 1839 3 1.55 -0.25 0 0 0 0 0 0
0 1840 2 1.6 -0.05 0 0 0 0 0 0
0 1841 3 1.6 -0.1 0 0 0 0 0 0
0 1842 3 1.6 -0.15 0 0 0 0 0 0
0 1843 3 1.6 -0.2 0 0 0 0 0 0
0 1844 3 1.6 -0.25 0 0 0 0 0 0
0 1845 2 1.65 -0.05 0 0 0 0 0 0
0 1846 3 1.65 -0.1 0 0 0 0 0 0
0 1847 3 1.65 -0.15 0 0 0 0 0 0
0 1848 3 1.65 -0.2 0 0 0 0 0 0
0 1849 3 1.65 -0.25 0 0 0 0 0 0
0 1850 2 1.7 -0.05 0 0 0 0 0 0
0 1851 3 1.7 -0.1 0 0 0 0 0 0
0 1852 3 1.7 -0.15 0 0 0 0 0 0
0 1853 3 1.7 -0.2 0 0 0 0 0 0
0 1854 3 1.7 -0.25 0 0 0 0 0 0
0 1855 2 1.75 -0.05 0 0 0 0 0 0
0 1856 3 1.75 -0.1 0 0 0 0 0 0
0 1857 3 1.75 -0.15 0 0 0 0 0 0
0 1858 3 1.75 -0.2 0 0 0 0 0 0
0 1859 3 1.75 -0.25 0 0 0 0 0 0
0 1860 2 1.8 -0.05 0 0 0 0 0 0
0 1861 3 1.8 -0.1 0 0 0 0 0 0
0 1862 3 1.8 -0.15 0 0 0 0 0 0
0 1863 3 1.8 -0.2 0 0 0 0 0 0
0 1864 3 1.8 -0.25 0 0 0 0 0 0
0 1865 2 1.85 -0.05 0 0 0 0 0 0
0 1866 3 1.85 -0.1 0 0 0 0 0 0
0 1867 3 1.85 -0.15 0 0 0 0 0 0
0 1868 3 1.85 -0.2 0 0 0 0 0 0
0 1869 3 1.85 -0.25 0 0 0 0 0 0
0 1870 2 1.9 -0.05 0 0 0 0 0 0
0 1871 3 1.9 -0.1 0 0 0 0 0 0
0 1872 3 1.9 -0.15 0 0 0 0 0 0
0 1873 3 1.9 -0.2 0 0 0 0 0 0
0 1874 3 1.9 -0.25 0 0 0 0 0 0
0 1875 2 1.95 -0.05 0 0 0 0 0 0
0 1876 3 1.95 -0.1 0 0 0 0 0 0
0 1877 3 1.95 -0.15 0 0 0 0 0 0
0 1878 3 1.95 -0.2 0 0 0 0 0 0
0 1879 3 1.95 -0.25 0 0 0 0 0 0
0 1880 2 2 -0.05 0 0 0 0 0 0
0 1881 3 2 -0.1 0 0 0 0 0 0
0 1882 3 2 -0.15 0 0 0 0 0 0
0 1883 3 2 -0.2 0 0 0 0 0 0
0 1884 3 2 -0.25 0 0 0 0 0 0
0 1885 2 2.05 -0.05 0 0 0 0 0 0
0 1886 3 2.05 -0.1 0 0 0 0 0 0
0 1887 3 2.05 -0.15 0 0 0 0 0 0
0 1888 3 2.05 -0.2 0 0 0 0 0 0
0 1889 3 2.05 -0.25 0 0 0 0 0 0
0 1890 2 2.1 -0.05 0 0 0 0 0 0
0 1891 3 2.1 -0.1 0 0 0 0 0 0
0 1892 3 2.1 -0.15 0 0 0 0 0 0
0 1893 3 2.1 -0.2 0 0 0 0 0 0
0 1894 3 2.1 -0.25 0 0 0 0 0 0
0 1895 2 2.15 -0.05 0 0 0 0 0 0
0 1896 3 2.15 -0.1 0 0 0 0 0 0
0 1897 3 2.15 -0.15 0 0 0 0 0 0
0 1898 3 2.15 -0.2 0 0 0 0 0 0
0 1899 3 2.15 -0.25 0 0 0 0 0 0
0 1900 2 2.2 -0.05 0 0 0 0 0 0
0 1901 3 2.2 -0.1 0 0 0 0 0 0
0 1902 3 2.2 -0.15 0 0 0 0 0 0
0 1903 3 2.2 -0.2 0 0 0 0 0 0
0 1904 3 2.2 -0.25 0 0 0 0 0 0
0 1905 2 2.25 -0.05 0 0 0 0 0 0
0 1906 3 2.25 -0.1 0 0 0 0 0 0
0 1907 3 2.25 -0.15 0 0 0 0 0 0
0 1908 3 2.25 -0.2 0 0 0 0 0 0
0 1909 3 2.25 -0.25 0 0 0 0 0 0
0 1910 2 2.3 -0.05 0 0 0 0 0 0
0 1911 3 2.3 -0.1 0 0 0 0 0 0
0 1912 3 2.3 -0.15 0 0 0 0 0 0
0 1913 3 2.3 -0.2 0 0 0 0 0 0
0 1914 3 2.3 -0.25 0 0 0 0 0 0
0 1915 2 2.35 -0.05 0 0 0 0 0 0
0 1916 3 2.35 -0.1 0 0 0 0 0 0
0 1917 3 2.35 -0.15 0 0 0 0 0 0
0 1918 3 2.35 -0.2 0 0 0 0 0 0
0 1919 3 2.35 -0.25 0 0 0 0 0 0
0 1920 2 2.4 -0.05 0 0 0 0 0 0
0 1921 3 2.4 -0.1 0 0 0 0 0 0
0 1922 3 2.4 -0.15 0 0 0 0 0 0
0 1923 3 2.4 -0.2 0 0 0 0 0 0
0 1924 3 2.4 -0.25 0 0 0 0 0 0
0 1925 2 2.45 -0.05 0 0 0 0 0 0
0 1926 3 2.45 -0.1 0 0 0 0 0 0
0 1927 3 2.45 -0.15 0 0 0 0 0 0
0 1928 3 2.45 -0.2 0 0 0 0 0 0
0 1929 3 2.45 -0.25 0 0 0 0 0 0
0 1930 2 2.5 -0.05 0 0 0 0 0 0
0 1931 3 2.5 -0.1 0 0 0 0 0 0
0 1932 3 2.5 -0.15 0 0 0 0 0 0
0 1933 3 2.5 -0.2 0 0 0 0 0 0
0 1934 3 2.5 -0.25 0 0 0 0 0 0
0 1935 2 2.55 -0.05 0 0 0 0 0 0
0 1936 3 2.55 -0.1 0 0 0 0 0 0
0 1937 3 2.55 -0.15 0 0 0 0 0 0
0 1938 3 2.55 -0.2 0 0 0 0 0 0
0 1939 3 2.55 -0.25 0 0 0 0 0 0
0 1940 2 2.6 -0.05 0 0 0 0 0 0
0 1941 3 2.6 -0.1 0 0 0 0 0 0
0 1942 3 2.6 -0.15 0 0 0 0 0 0
0 1943 3 2.6 -0.2 0 0 0 0 0 0
0 1944 3 2.6 -0.25 0 0 0 0 0 0
0 1945 2 2.65 -0.05 0 0 0 0 0 0
0 1946 3 2.65 -0.1 0 0 0 0 0 0
0 1947 3 2.65 -0.15 0 0 0 0 0 0
0 1948 3 2.65 -0.2 0 0 0 0 0 0
0 1949 3 2.65 -0.25 0 0 0 0 0 0
0 1950 2 2.7 -0.05 0 0 0 0 0 0
0 1951 3 2.7 -0.1 0 0 0 0 0 0
0 1952 3 2.7 -0.15 0 0 0 0 0 0
0 1953 3 2.7 -0.2 0 0 0 0 0 0
0 1954 3 2.7 -0.25 0 0 0 0 0 0
0 1955 2 2.75 -0.05 0 0 0 0 0 0
0 1956 3 2.75 -0.1 0 0 0 0 0 0
0 1957 3 2.75 -0.15 0 0 0 0 0 0
0 1958 3 2.75 -0.2 0 0 0 0 0 0
0 1959 3 2.75 -0.25 0 0 0 0 0 0
0 1960 2 2.8 -0.05 0 0 0 0 0 0
0 1961 3 2.8 -0.1 0 0 0 0 0 0
0 1962 3 2.8 -0.15 0 0 0 0 0 0
0 1963 3 2.8 -0.2 0 0 0 0 0 0
0 1964 3 2.8 -0.25 0 0 0 0 0 0
0 1965 2 2.85 -0.05 0 0 0 0 0 0
0 1966 3 2.85 -0.1 0 0 0 0 0 0
0 1967 3 2.85 -0.15 0 0 0 0 0 0
0 1968 3 2.85 -0.2 0 0 0 0 0 0
0 1969 3 2.85 -0.25 0 0 0 0 0 0
0 1970 2 2.9 -0.05 0 0 0 0 0 0
0 1971 3 2.9 -0.1 0 0 0 0 0 0
0 1972 3 2.9 -0.15 0 0 0 0 0 0
0 1973 3 2.9 -0.2 0 0 0 0 0 0
0 1974 3 2.9 -0.25 0 0 0 0 0 0
0 1975 2 2.95 -0.05 0 0 0 0 0 0
0 1976 3 2.95 -0.1 0 0 0 0 0 0
0 1977 3 2.95 -0.15 0 0 0 0 0 0
0 1978 3 2.95 -0.2 0 0 0 0 0 0
0 1979 3 2.95 -0.25 0 0 0 0 0 0
0 1980 2 3 -0.05 0 0 0 0 0 0
0 1981 3 3 -0.1 0 0 0 0 0 0
0 1982 3 3 -0.15 0 0 0 0 0 0
0 1983 3 3 -0.2 0 0 0 0 0 0
0 1984 3 3 -0.25 0 0 0 0 0 0
0 1985 2 3.05 -0.05 0 0 0 0 0 0
0 1986 3 3.05 -0.1 0 0 0 0 0 0
0 1987 3 3.05 -0.15 0 0 0 0 0 0
0 1988 3 3.05 -0.2 0 0 0 0 0 0
0 1989 3 3.05 -0.25 0 0 0 0 0 0
0 1990 2 3.1 -0.05 0 0 0 0 0 0
0 1991 3 3.1 -0.1 0 0 0 0 0 0
0 1992 3 3.1 -0.15 0 0 0 0 0 0
0 1993 3 3.1 -0.2 0 0 0 0 0 0
0 1994 3 3.1 -0.25 0 0 0 0 0 0
0 1995 2 3.15 -0.05 0 0 0 0 0 0
0 1996 3 3.15 -0.1 0 0 0 0 0 0
0 1997 3 3.15 -0.15 0 0 0 0 0 0
0 1998 3 3.15 -0.2 0 0 0 0 0 0
0 1999 3 3.15 -0.25 0 0 0 0 0 0
0 2000 2 3.2 -0.05 0 0 0 0 0 0
0 2001 3 3.2 -0.1 0 0 0 0 0 0
0 2002 3 3.2 -0.15 0 0 0 0 0 0
0 2003 3 3.2 -0.2 0 0 0 0 0 0
0 2004 3 3.2 -0.25 0 0 0 0 0 0
0 2005 2 3.25 -0.05 0 0 0 0 0 0
0 2006 3 3.25 -0.1 0 0 0 0 0 0
0 2007 3 3.25 -0.15 0 0 0 0 0 0
0 2008 3 3.25 -0.2 0 0 0 0 0 0
0 2009 3 3.25 -0.25 0 0 0 0 0 0
0 2010 2 3.3 -0.05 0 0 0 0 0 0
0 2011 3 3.3 -0.1 0 0 0 0 0 0
0 2012 3 3.3 -0.15 0 0 0 0 0 0
0 2013 3 3.3 -0.2 0 0 0 0 0 0
0 2014 3 3.3 -0.25 0 0 0 0 0 0
0 2015 2 3.35 -0.05 0 0 0 0 0 0
0 2016 3 3.35 -0.1 0 0 0 0 0 0
0 2017 3 3.35 -0.15 0 0 0 0 0 0
0 2018 3 3.35 -0.2 0 0 0 0 0 0
0 2019 3 3.35 -0.25 0 0 0 0 0 0
0 2020 2 3.4 -0.05 0 0 0 0 0 0
0 2021 3 3.4 -0.1 0 0 0 0 0 0
0 2022 3 3.4 -0.15 0 0 0 0 0 0
0 2023 3 3.4 -0.2 0 0 0 0 0 0
0 2024 3 3.4 -0.25 0 0 0 0 0 0
0 2025 2 3.45 -0.05 0 0 0 0 0 0
0 2026 3 3.45 -0.1 0 0 0 0 0 0
0 2027 3 3.45 -0.15 0 0 0 0 0 0
0 2028 3 3.45 -0.2 0 0 0 0 0 0
0 2029 3 3.45 -0.25 0 0 0 0 0 0
0 2030 2 3.5 -0.05 0 0 0 0 0 0
0 2031 3 3.5 -0.1 0 0 0 0 0 0
0 2032 3 3.5 -0.15 0 0 0 0 0 0
0 2033 3 3.5 -0.2 0 0 0 0 0 0
0 2034 3 3.5 -0.25 0 0 0 0 0 0
0 2035 2 3.55 -0.05 0 0 0 0 0 0
0 2036 3 3.55 -0.1 0 0 0 0 0 0
0 2037 3 3.55 -0.15 0 0 0 0 0 0
0 2038 3 3.55 -0.2 0 0 0 0 0 0
0 2039 3 3.55 -0.25 0 0 0 0 0 0
0 2040 2 3.6 -0.05 0 0 0 0 0 0
0 2041 3 3.6 -0.1 0 0 0 0 0 0
0 2042 3 3.6 -0.15 0 0 0 0 0 0
0 2043 3 3.6 -0.2 0 0 0 0 0 0
0 2044 3 3.6 -0.25 0 0 0 0 0 0
0 2045 2 3.65 -0.05 0 0 0 0 0 0
0 2046 3 3.65 -0.1 0 0 0 0 0 0
0 2047 3 3.65 -0.15 0 0 0 0 0 0
0 2048 3 3.65 -0.2 0 0 0 0 0 0
0 2049 3 3.65 -0.25 0 0 0 0 0 0
0 2050 2 3.7 -0.05 0 0 0 0 0 0
0 2051 3 3.7 -0.1 0 0 0 0 0 0
0 2052 3 3.7 -0.15 0 0 0 0 0 0
0 2053 3 3.7 -0.2 0 0 0 0 0 0
0 2054 3 3.7 -0.25 0 0 0 0 0 0
0 2055 2 3.75 -0.05 0 0 0 0 0 0
0 2056 3 3.75 -0.1 0 0 0 0 0 0
0 2057 3 3.75 -0.15 0 0 0 0 0 0
0 2058 3 3.75 -0.2 0 0 0 0 0 0
0 2059 3 3.75 -0.25 0 0 0 0 0 0
0 2060 2 3.8 -0.05 0 0 0 0 0 0
0 2061 3 3.8 -0.1 0 0 0 0 0 0
0 2062 3 3.8 -0.15 0 0 0 0 0 0
0 2063 3 3.8 -0.2 0 0 0 0 0 0
0 2064 3 3.8 -0.25 0 0 0 0 0 0
0 2065 2 3.85 -0.05 0 0 0 0 0 0
0 2066 3 3.85 -0.1 0 0 0 0 0 0
0 2067 3 3.85 -0.15 0 0 0 0 0 0
0 2068 3 3.85 -0.2 0 0 0 0 0 0
0 2069 3 3.85 -0.25 0 0 0 0 0 0
0 2070 2 3.9 -0.05 0 0 0 0 0 0
0 2071 3 3.9 -0.1 0 0 0 0 0 0
0 2072 3 3.9 -0.15 0 0 0 0 0 0
0 2073 3 3.9 -0.2 0 0 0 0 0 0
0 2074 3 3.9 -0.25 0 0 0 0 0 0
0 2075 2 3.95 -0.05 0 0 0 0 0 0
0 2076 3 3.95 -0.1 0 0 0 0 0 0
0 2077 3 3.95 -0.15 0 0 0 0 0 0
0 2078 3 3.95 -0.2 0 0 0 0 0 0
0 2079 3 3.95 -0.25 0 0 0 0 0 0
0 2080 2 3.95 1.05 0 0 0 0 0 0
0 2081 3 3.95 1.1 0 0 0 0 0 0
0 2082 3 3.95 1.15 0 0 0 0 0 0
0 2083 3 3.95 1.2 0 0 0 0 0 0
0 2084 3 3.95 1.25 0 0 0 0 0 0
0 2085 2 3.9 1.05 0 0 0 0 0 0
0 2086 3 3.9 1.1 0 0 0 0 0 0
0 2087 3 3.9 1.15 0 0 0 0 0 0
0 2088 3 3.9 1.2 0 0 0 0 0 0
0 2089 3 3.9 1.25 0 0 0 0 0 0
0 2090 2 3.85 1.05 0 0 0 0 0 0
0 2091 3 3.85 1.1 0 0 0 0 0 0
0 2092 3 3.85 1.15 0 0 0 0 0 0
0 2093 3 3.85 1.2 0 0 0 0 0 0
0 2094 3 3.85 1.25 0 0 0 0 0 0
0 2095 2 3.8 1.05 0 0 0 0 0 0
0 2096 3 3.8 1.1 0 0 0 0 0 0
0 2097 3 3.8 1.15 0 0 0 0 0 0
0 2098 3 3.8 1.2 0 0 0 0 0 0
0 2099 3 3.8 1.25 0 0 0 0 0 0
0 2100 2 3.75 1.05 0 0 0 0 0 0
0 2101 3 3.75 1.1 0 0 0 0 0 0
0 2102 3 3.75 1.15 0 0 0 0 0 0
0 2103 3 3.75 1.2 0 0 0 0 0 0
0 2104 3 3.75 1.25 0 0 0 0 0 0
0 2105 2 3.7 1.05 0 0 0 0 0 0
0 2106 3 3.7 1.1 0 0 0 0 0 0
0 2107 3 3.7 1.15 0 0 0 0 0 0
0 2108 3 3.7 1.2 0 0 0 0 0 0
0 2109 3 3.7 1.25 0 0 0 0 0 0
0 2110 2 3.65 1.05 0 0 0 0 0 0
0 2111 3 3.65 1.1 0 0 0 0 0 0
0 2112 3 3.65 1.15 0 0 0 0 0 0
0 2113 3 3.65 1.2 0 0 0 0 0 0
0 2114 3 3.65 1.25 0 0 0 0 0 0
0 2115 2 3.6 1.05 0 0 0 0 0 0
0 2116 3 3.6 1.1 0 0 0 0 0 0
0 2117 3 3.6 1.15 0 0 0 0 0 0
0 2118 3 3.6 1.2 0 0 0 0 0 0
0 2119 3 3.6 1.25 0 0 0 0 0 0
0 2120 2 3.55 1.05 0 0 0 0 0 0
0 2121 3 3.55 1.1 0 0 0 0 0 0
0 2122 3 3.55 1.15 0 0 0 0 0 0
0 2123 3 3.55 1.2 0 0 0 0 0 0
0 2124 3 3.55 1.25 0 0 0 0 0 0
0 2125 2 3.5 1.05 0 0 0 0 0 0
0 2126 3 3.5 1.1 0 0 0 0 0 0
0 2127 3 3.5 1.15 0 0 0 0 0 0
0 2128 3 3.5 1.2 0 0 0 0 0 0
0 2129 3 3.5 1.25 0 0 0 0 0 0
0 2130 2 3.45 1.05 0 0 0 0 0 0
0 2131 3 3.45 1.1 0 0 0 0 0 0
0 2132 3 3.45 1.15 0 0 0 0 0 0
0 2133 3 3.45 1.2 0 0 0 0 0 0
0 2134 3 3.45 1.25 0 0 0 0 0 0
0 2135 2 3.4 1.05 0 0 0 0 0 0
0 2136 3 3.4 1.1 0 0 0 0 0 0
0 2137 3 3.4 1.15 0 0 0 0 0 0
0 2138 3 3.4 1.2 0 0 0 0 0 0
0 2139 3 3.4 1.25 0 0 0 0 0 0
0 2140 2 3.35 1.05 0 0 0 0 0 0
0 2141 3 3.35 1.1 0 0 0 0 0 0
0 2142 3 3.35 1.15 0 0 0 0 0 0
0 2143 3 3.35 1.2 0 0 0 0 0 0
0 2144 3 3.35 1.25 0 0 0 0 0 0
0 2145 2 3.3 1.05 0 0 0 0 0 0
0 2146 3 3.3 1.1 0 0 0 0 0 0
0 2147 3 3.3 1.15 0 0 0 0 0 0
0 2148 3 3.3 1.2 0 0 0 0 0 0
0 2149 3 3.3 1.25 0 0 0 0 0 0
0 2150 2 3.25 1.05 0 0 0 0 0 0
0 2151 3 3.25 1.1 0 0 0 0 0 0
0 2152 3 3.25 1.15 0 0 0 0 0 0
0 2153 3 3.25 1.2 0 0 0 0 0 0
0 2154 3 3.25 1.25 0 0 0 0 0 0
0 2155 2 3.2 1.05 0 0 0 0 0 0
0 2156 3 3.2 1.1 0 0 0 0 0 0
0 2157 3 3.2 1.15 0 0 0 0 0 0
0 2158 3 3.2 1.2 0 0 0 0 0 0
0 2159 3 3.2 1.25 0 0 0 0 0 0
0 2160 2 3.15 1.05 0 0 0 0 0 0
0 2161 3 3.15 1.1 0 0 0 0 0 0
0 2162 3 3.15 1.15 0 0 0 0 0 0
0 2163 3 3.15 1.2 0 0 0 0 0 0
0 2164 3 3.15 1.25 0 0 0 0 0 0
0 2165 2 3.1 1.05 0 0 0 0 0 0
0 2166 3 3.1 1.1 0 0 0 0 0 0
0 2167 3 3.1 1.15 0 0 0 0 0 0
0 2168 3 3.1 1.2 0 0 0 0 0 0
0 2169 3 3.1 1.25 0 0 0 0 0 0
0 2170 2 3.05 1.05 0 0 0 0 0 0
0 2171 3 3.05 1.1 0 0 0 0 0 0
0 2172 3 3.05 1.15 0 0 0 0 0 0
0 2173 3 3.05 1.2 0 0 0 0 0 0
0 2174 3 3.05 1.25 0 0 0 0 0 0
0 2175 2 3 1.05 0 0 0 0 0 0
0 2176 3 3 1.1 0 0 0 0 0 0
0 2177 3 3 1.15 0 0 0 0 0 0
0 2178 3 3 1.2 0 0 0 0 0 0
0 2179 3 3 1.25 0 0 0 0 0 0
0 2180 2 2.95 1.05 0 0 0 0 0 0
0 2181 3 2.95 1.1 0 0 0 0 0 0
0 2182 3 2.95 1.15 0 0 0 0 0 0
0 2183 3 2.95 1.2 0 0 0 0 0 0
0 2184 3 2.95 1.25 0 0 0 0 0 0
0 2185 2 2.9 1.05 0 0 0 0 0 0
0 2186 3 2.9 1.1 0 0 0 0 0 0
0 2187 3 2.9 1.15 0 0 0 0 0 0
0 2188 3 2.9 1.2 0 0 0 0 0 0
0 2189 3 2.9 1.25 0 0 0 0 0 0
0 2190 2 2.85 1.05 0 0 0 0 0 0
0 2191 3 2.85 1.1 0 0 0 0 0 0
0 2192 3 2.85 1.15 0 0 0 0 0 0
0 2193 3 2.85 1.2 0 0 0 0 0 0
0 2194 3 2.85 1.25 0 0 0 0 0 0
0 2195 2 2.8 1.05 0 0 0 0 0 0
0 2196 3 2.8 1.1 0 0 0 0 0 0
0 2197 3 2.8 1.15 0 0 0 0 0 0
0 2198 3 2.8 1.2 0 0 0 0 0 0
0 2199 3 2.8 1.25 0 0 0 0 0 0
0 2200 2 2.75 1.05 0 0 0 0 0 0
0 2201 3 2.75 1.1 0 0 0 0 0 0
0 2202 3 2.75 1.15 0 0 0 0 0 0
0 2203 3 2.75 1.2 0 0 0 0 0 0
0 2204 3 2.75 1.25 0 0 0 0 0 0
0 2205 2 2.7 1.05 0 0 0 0 0 0
0 2206 3 2.7 1.1 0 0 0 0 0 0
0 2207 3 2.7 1.15 0 0 0 0 0 0
0 2208 3 2.7 1.2 0 0 0 0 0 0
0 2209 3 2.7 1.25 0 0 0 0 0 0
0 2210 2 2.65 1.05 0 0 0 0 0 0
0 2211 3 2.65 1.1 0 0 0 0 0 0
0 2212 3 2.65 1.15 0 0 0 0 0 0
0 2213 3 2.65 1.2 0 0 0 0 0 0
0 2214 3 2.65 1.25 0 0 0 0 0 0
0 2215 2 2.6 1.05 0 0 0 0 0 0
0 2216 3 2.6 1.1 0 0 0 0 0 0
0 2217 3 2.6 1.15 0 0 0 0 0 0
0 2218 3 2.6 1.2 0 0 0 0 0 0
0 2219 3 2.6 1.25 0 0 0 0 0 0
0 2220 2 2.55 1.05 0 0 0 0 0 0
0 2221 3 2.55 1.1 0 0 0 0 0 0
0 2222 3 2.55 1.15 0 0 0 0 0 0
0 2223 3 2.55 1.2 0 0 0 0 0 0
0 2224 3 2.55 1.25 0 0 0 0 0 0
0 2225 2 2.5 1.05 0 0 0 0 0 0
0 2226 3 2.5 1.1 0 0 0 0 0 0
0 2227 3 2.5 1.15 0 0 0 0 0 0
0 2228 3 2.5 1.2 0 0 0 0 0 0
0 2229 3 2.5 1.25 0 0 0 0 0 0
0 2230 2 2.45 1.05 0 0 0 0 0 0
0 2231 3 2.45 1.1 0 0 0 0 0 0
0 2232 3 2.45 1.15 0 0 0 0 0 0
0 2233 3 2.45 1.2 0 0 0 0 0 0
0 2234 3 2.45 1.25 0 0 0 0 0 0
0 2235 2 2.4 1.05 0 0 0 0 0 0
0 2236 3 2.4 1.1 0 0 0 0 0 0
0 2237 3 2.4 1.15 0 0 0 0 0 0
0 2238 3 2.4 1.2 0 0 0 0 0 0
0 2239 3 2.4 1.25 0 0 0 0 0 0
0 2240 2 2.35 1.05 0 0 0 0 0 0
0 2241 3 2.35 1.1 0 0 0 0 0 0
0 2242 3 2.35 1.15 0 0 0 0 0 0
0 2243 3 2.35 1.2 0 0 0 0 0 0
0 2244 3 2.35 1.25 0 0 0 0 0 0
0 2245 2 2.3 1.05 0 0 0 0 0 0
0 2246 3 2.3 1.1 0 0 0 0 0 0
0 2247 3 2.3 1.15 0 0 0 0 0 0
0 2248 3 2.3 1.2 0 0 0 0 0 0
0 2249 3 2.3 1.25 0 0 0 0 0 0
0 2250 2 2.25 1.05 0 0 0 0 0 0
0 2251 3 2.25 1.1 0 0 0 0 0 0
0 2252 3 2.25 1.15 0 0 0 0 0 0
0 2253 3 2.25 1.2 0 0 0 0 0 0
0 2254 3 2.25 1.25 0 0 0 0 0 0
0 2255 2 2.2 1.05 0 0 0 0 0 0
0 2256 3 2.2 1.1 0 0 0 0 0 0
0 2257 3 2.2 1.15 0 0 0 0 0 0
0 2258 3 2.2 1.2 0 0 0 0 0 0
0 2259 3 2.2 1.25 0 0 0 0 0 0
0 2260 2 2.15 1.05 0 0 0 0 0 0
0 2261 3 2.15 1.1 0 0 0 0 0 0
0 2262 3 2.15 1.15 0 0 0 0 0 0
0 2263 3 2.15 1.2 0 0 0 0 0 0
0 2264 3 2.15 1.25 0 0 0 0 0 0
0 2265 2 2.1 1.05 0 0 0 0 0 0
0 2266 3 2.1 1.1 0 0 0 0 0 0
0 2267 3 2.1 1.15 0 0 0 0 0 0
0 2268 3 2.1 1.2 0 0 0 0 0 0
0 2269 3 2.1 1.25 0 0 0 0 0 0
0 2270 2 2.05 1.05 0 0 0 0 0 0
0 2271 3 2.05 1.1 0 0 0 0 0 0
0 2272 3 2.05 1.15 0 0 0 0 0 0
0 2273 3 2.05 1.2 0 0 0 0 0 0
0 2274 3 2.05 1.25 0 0 0 0 0 0
0 2275 2 2 1.05 0 0 0 0 0 0
0 2276 3 2 1.1 0 0 0 0 0 0
0 2277 3 2 1.15 0 0 0 0 0 0
0 2278 3 2 1.2 0 0 0 0 0 0
0 2279 3 2 1.25 0 0 0 0 0 0
0 2280 2 1.95 1.05 0 0 0 0 0 0
0 2281 3 1.95 1.1 0 0 0 0 0 0
0 2282 3 1.95 1.15 0 0 0 0 0 0
0 2283 3 1.95 1.2 0 0 0 0 0 0
0 2284 3 1.95 1.25 0 0 0 0 0 0
0 2285 2 1.9 1.05 0 0 0 0 0 0
0 2286 3 1.9 1.1 0 0 0 0 0 0
0 2287 3 1.9 1.15 0 0 0 0 0 0
0 2288 3 1.9 1.2 0 0 0 0 0 0
0 2289 3 1.9 1.25 0 0 0 0 0 0
0 2290 2 1.85 1.05 0 0 0 0 0 0
0 2291 3 1.85 1.1 0 0 0 0 0 0
0 2292 3 1.85 1.15 0 0 0 0 0 0
0 2293 3 1.85 1.2 0 0 0 0 0 0
0 2294 3 1.85 1.25 0 0 0 0 0 0
0 2295 2 1.8 1.05 0 0 0 0 0 0
0 2296 3 1.8 1.1 0 0 0 0 0 0
0 2297 3 1.8 1.15 0 0 0 0 0 0
0 2298 3 1.8 1.2 0 0 0 0 0 0
0 2299 3 1.8 1.25 0 0 0 0 0 0
0 2300 2 1.75 1.05 0 0 0 0 0 0
0 2301 3 1.75 1.1 0 0 0 0 0 0
0 2302 3 1.75 1.15 0 0 0 0 0 0
0 2303 3 1.75 1.2 0 0 0 0 0 0
0 2304 3 1.75 1.25 0 0 0 0 0 0
0 2305 2 1.7 1.05 0 0 0 0 0 0
0 2306 3 1.7 1.1 0 0 0 0 0 0
0 2307 3 1.7 1.15 0 0 0 0 0 0
0 2308 3 1.7 1.2 0 0 0 0 0 0
0 2309 3 1.7 1.25 0 0 0 0 0 0
0 2310 2 1.65 1.05 0 0 0 0 0 0
0 2311 3 1.65 1.1 0 0 0 0 0 0
0 2312 3 1.65 1.15 0 0 0 0 0 0
0 2313 3 1.65 1.2 0 0 0 0 0 0
0 2314 3 1.65 1.25 0 0 0 0 0 0
0 2315 2 1.6 1.05 0 0 0 0 0 0
0 2316 3 1.6 1.1 0 0 0 0 0 0
0 2317 3 1.6 1.15 0 0 0 0 0 0
0 2318 3 1.6 1.2 0 0 0 0 0 0
0 2319 3 1.6 1.25 0 0 0 0 0 0
0 2320 2 1.55 1.05 0 0 0 0 0 0
0 2321 3 1.55 1.1 0 0 0 0 0 0
0 2322 3 1.55 1.15 0 0 0 0 0 0
0 2323 3 1.55 1.2 0 0 0 0 0 0
0 2324 3 1.55 1.25 0 0 0 0 0 0
0 2325 2 1.5 1.05 0 0 0 0 0 0
0 2326 3 1.5 1.1 0 0 0 0 0 0
0 2327 3 1.5 1.15 0 0 0 0 0 0
0 2328 3 1.5 1.2 0 0 0 0 0 0
0 2329 3 1.5 1.25 0 0 0 0 0 0
0 2330 2 1.45 1.05 0 0 0 0 0 0
0 2331 3 1.45 1.1 0 0 0 0 0 0
0 2332 3 1.45 1.15 0 0 0 0 0 0
0 2333 3 1.45 1.2 0 0 0 0 0 0
0 2334 3 1.45 1.25 0 0 0 0 0 0
0 2335 2 1.4 1.05 0 0 0 0 0 0
0 2336 3 1.4 1.1 0 0 0 0 0 0
0 2337 3 1.4 1.15 0 0 0 0 0 0
0 2338 3 1.4 1.2 0 0 0 0 0 0
0 2339 3 1.4 1.25 0 0 0 0 0 0
0 2340 2 1.35 1.05 0 0 0 0 0 0
0 2341 3 1.35 1.1 0 0 0 0 0 0
0 2342 3 1.35 1.15 0 0 0 0 0 0
0 2343 3 1.35 1.2 0 0 0 0 0 0
0 2344 3 1.35 1.25 0 0 0 0 0 0
0 2345 2 1.3 1.05 0 0 0 0 0 0
0 2346 3 1.3 1.1 0 0 0 0 0 0
0 2347 3 1.3 1.15 0 0 0 0 0 0
0 2348 3 1.3 1.2 0 0 0 0 0 0
0 2349 3 1.3 1.25 0 0 0 0 0 0
0 2350 2 1.25 1.05 0 0 0 0 0 0
0 2351 3 1.25 1.1 0 0 0 0 0 0
0 2352 3 1.25 1.15 0 0 0 0 0 0
0 2353 3 1.25 1.2 0 0 0 0 0 0
0 2354 3 1.25 1.25 0 0 0 0 0 0
0 2355 2 1.2 1.05 0 0 0 0 0 0
0 2356 3 1.2 1.1 0 0 0 0 0 0
0 2357 3 1.2 1.15 0 0 0 0 0 0
0 2358 3 1.2 1.2 0 0 0 0 0 0
0 2359 3 1.2 1.25 0 0 0 0 0 0
0 2360 2 1.15 1.05 0 0 0 0 0 0
0 2361 3 1.15 1.1 0 0 0 0 0 0
0 2362 3 1.15 1.15 0 0 0 0 0 0
0 2363 3 1.15 1.2 0 0 0 0 0 0
0 2364 3 1.15 1.25 0 0 0 0 0 0
0 2365 2 1.1 1.05 0 0 0 0 0 0
0 2366 3 1.1 1.1 0 0 0 0 0 0
0 2367 3 1.1 1.15 0 0 0 0 0 0
0 2368 3 1.1 1.2 0 0 0 0 0 0
0 2369 3 1.1 1.25 0 0 0 0 0 0
0 2370 2 1.05 1.05 0 0 0 0 0 0
0 2371 3 1.05 1.1 0 0 0 0 0 0
0 2372 3 1.05 1.15 0 0 0 0 0 0
0 2373 3 1.05 1.2 0 0 0 0 0 0
0 2374 3 1.05 1.25 0 0 0 0 0 0
0 2375 2 1 1.05 0 0 0 0 0 0
0 2376 3 1 1.1 0 0 0 0 0 0
0 2377 3 1 1.15 0 0 0 0 0 0
0 2378 3 1 1.2 0 0 0 0 0 0
0 2379 3 1 1.25 0 0 0 0 0 0
0 2380 2 0.95 1.05 0 0 0 0 0 0
0 2381 3 0.95 1.1 0 0 0 0 0 0
0 2382 3 0.95 1.15 0 0 0 0 0 0
0 2383 3 0.95 1.2 0 0 0 0 0 0
0 2384 3 0.95 1.25 0 0 0 0 0 0
0 2385 2 0.9 1.05 0 0 0 0 0 0
0 2386 3 0.9 1.1 0 0 0 0 0 0
0 2387 3 0.9 1.15 0 0 0 0 0 0
0 2388 3 0.9 1.2 0 0 0 0 0 0
0 2389 3 0.9 1.25 0 0 0 0 0 0
0 2390 2 0.85 1.05 0 0 0 0 0 0
0 2391 3 0.85 1.1 0 0 0 0 0 0
0 2392 3 0.85 1.15 0 0 0 0 0 0
0 2393 3 0.85 1.2 0 0 0 0 0 0
0 2394 3 0.85 1.25 0 0 0 0 0 0
0 2395 2 0.8 1.05 0 0 0 0 0 0
0 2396 3 0.8 1.1 0 0 0 0 0 0
0 2397 3 0.8 1.15 0 0 0 0 0 0
0 2398 3 0.8 1.2 0 0 0 0 0 0
0 2399 3 0.8 1.25 0 0 0 0 0 0
0 2400 2 0.75 1.05 0 0 0 0 0 0
0 2401 3 0.75 1.1 0 0 0 0 0 0
0 2402 3 0.75 1.15 0 0 0 0 0 0
0 2403 3 0.75 1.2 0 0 0 0 0 0
0 2404 3 0.75 1.25 0 0 0 0 0 0
0 2405 2 0.7 1.05 0 0 0 0 0 0
0 2406 3 0.7 1.1 0 0 0 0 0 0
0 2407 3 0.7 1.15 0 0 0 0 0 0
0 2408 3 0.7 1.2 0 0 0 0 0 0
0 2409 3 0.7 1.25 0 0 0 0 0 0
0 2410 2 0.65 1.05 0 0 0 0 0 0
0 2411 3 0.65 1.1 0 0 0 0 0 0
0 2412 3 0.65 1.15 0 0 0 0 0 0
0 2413 3 0.65 1.2 0 0 0 0 0 0
0 2414 3 0.65 1.25 0 0 0 0 0 0
0 2415 2 0.6 1.05 0 0 0 0 0 0
0 2416 3 0.6 1.1 0 0 0 0 0 0
0 2417 3 0.6 1.15 0 0 0 0 0 0
0 2418 3 0.6 1.2 0 0 0 0 0 0
0 2419 3 0.6 1.25 0 0 0 0 0 0
0 2420 2 0.55 1.05 0 0 0 0 0 0
0 2421 3 0.55 1.1 0 0 0 0 0 0
0 2422 3 0.55 1.15 0 0 0 0 0 0
0 2423 3 0.55 1.2 0 0 0 0 0 0
0 2424 3 0.55 1.25 0 0 0 0 0 0
0 2425 2 0.5 1.05 0 0 0 0 0 0
0 2426 3 0.5 1.1 0 0 0 0 0 0
0 2427 3 0.5 1.15 0 0 0 0 0 0
0 2428 3 0.5 1.2 0 0 0 0 0 0
0 2429 3 0.5 1.25 0 0 0 0 0 0
0 2430 2 0.45 1.05 0 0 0 0 0 0
0 2431 3 0.45 1.1 0 0 0 0 0 0
0 2432 3 0.45 1.15 0 0 0 0 0 0
0 2433 3 0.45 1.2 0 0 0 0 0 0
0 2434 3 0.45 1.25 0 0 0 0 0 0
0 2435 2 0.4 1.05 0 0 0 0 0 0
0 2436 3 0.4 1.1 0 0 0 0 0 0
0 2437 3 0.4 1.15 0 0 0 0 0 0
0 2438 3 0.4 1.2 0 0 0 0 0 0
0 2439 3 0.4 1.25 0 0 0 0 0 0
0 2440 2 0.35 1.05 0 0 0 0 0 0
0 2441 3 0.35 1.1 0 0 0 0 0 0
0 2442 3 0.35 1.15 0 0 0 0 0 0
0 2443 3 0.35 1.2 0 0 0 0 0 0
0 2444 3 0.35 1.25 0 0 0 0 0 0
0 2445 2 0.3 1.05 0 0 0 0 0 0
0 2446 3 0.3 1.1 0 0 0 0 0 0
0 2447 3 0.3 1.15 0 0 0 0 0 0
0 2448 3 0.3 1.2 0 0 0 0 0 0
0 2449 3 0.3 1.25 0 0 0 0 0 0
0 2450 2 0.25 1.05 0 0 0 0 0 0
0 2451 3 0.25 1.1 0 0 0 0 0 0
0 2452 3 0.25 1.15 0 0 0 0 0 0
0 2453 3 0.25 1.2 0 0 0 0 0 0
0 2454 3 0.25 1.25 0 0 0 0 0 0
0 2455 2 0.2 1.05 0 0 0 0 0 0
0 2456 3 0.2 1.1 0 0 0 0 0 0
0 2457 3 0.2 1.15 0 0 0 0 0 0
0 2458 3 0.2 1.2 0 0 0 0 0 0
0 2459 3 0.2 1.25 0 0 0 0 0 0
0 2460 2 0.15 1.05 0 0 0 0 0 0
0 2461 3 0.15 1.1 0 0 0 0 0 0
0 2462 3 0.15 1.15 0 0 0 0 0 0
0 2463 3 0.15 1.2 0 0 0 0 0 0
0 2464 3 0.15 1.25 0 0 0 0 0 0
0 2465 2 0.1 1.05 0 0 0 0 0 0
0 2466 3 0.1 1.1 0 0 0 0 0 0
0 2467 3 0.1 1.15 0 0 0 0 0 0
0 2468 3 0.1 1.2 0 0 0 0 0 0
0 2469 3 0.1 1.25 0 0 0 0 0 0
0 2470 2 0.05 1.05 0 0 0 0 0 0
0 2471 3 0.05 1.1 0 0 0 0 0 0
0 2472 3 0.05 1.15 0 0 0 0 0 0
0 2473 3 0.05 1.2 0 0 0 0 0 0
0 2474 3 0.05 1.25 0 0 0 0 0 0
0 2475 2 0 1.05 0 0 0 0 0 0
0 2476 3 3.06162e-018 1.1 0 0 0 0 0 0
0 2477 3 6.12323e-018 1.15 0 0 0 0 0 0
0 2478 3 9.18485e-018 1.2 0 0 0 0 0 0
0 2479 3 1.22465e-017 1.25 0 0 0 0 0 0
